# PM-LLM Benchmark Hallucination Analysis

Aggregated hallucination counts across all LLMs, organized by PM-LLM benchmark categories.

| Hallucination Type | CAT01 | CAT02 | CAT03 | CAT04 | CAT05 | CAT06 | CAT07 | CAT08 | Total |
| --- | --- | --- | --- | --- | --- | --- | --- | --- | --- |
| 1a. Instruction Override | 359 | 146 | 390 | 193 | 258 | 132 | 6 | 58 | 1542 |
| 1b. Context Omission | 1075 | 1032 | 671 | 868 | 1168 | 981 | 387 | 1569 | 7751 |
| 1c. Prompt Contradiction | 185 | 89 | 165 | 94 | 47 | 55 | 23 | 33 | 691 |
| 2a. Concept Fabrication | 454 | 219 | 280 | 718 | 219 | 282 | 253 | 550 | 2975 |
| 2b. Spurious Numeric | 438 | 557 | 479 | 315 | 302 | 259 | 133 | 1317 | 3800 |
| 2c. False Citation | 7 | 15 | 4 | 15 | 1 | 54 | 3 | 20 | 119 |
| 3a. Unsupported Leap | 1805 | 2000 | 1547 | 1653 | 1533 | 1979 | 781 | 1723 | 13021 |
| 3b. Self Contradiction | 325 | 168 | 326 | 184 | 66 | 148 | 18 | 72 | 1307 |
| 3c. Circular Reasoning | 2 | 2 | 1 | 2 | 0 | 0 | 0 | 5 | 12 |
| 4a. Syntax Error | 126 | 43 | 228 | 97 | 243 | 99 | 11 | 145 | 992 |
| 4b. Model Semantics Breach | 252 | 134 | 829 | 466 | 261 | 269 | 107 | 50 | 2368 |
| 4c. Visual Description Mismatch | 152 | 46 | 76 | 94 | 44 | 14 | 507 | 27 | 960 |
| **Total** | **5180** | **4451** | **4996** | **4699** | **4142** | **4272** | **2229** | **5569** | **35538** |
