# PM-LLM Benchmark Hallucination Analysis

Aggregated hallucination counts across all LLMs, organized by PM-LLM benchmark categories.

| Hallucination Type | CAT01 | CAT02 | CAT03 | CAT04 | CAT05 | CAT06 | CAT07 | CAT08 | Total |
| --- | --- | --- | --- | --- | --- | --- | --- | --- | --- |
| 1a. Instruction Override | 332 | 122 | 368 | 165 | 218 | 129 | 5 | 48 | 1387 |
| 1b. Context Omission | 1006 | 919 | 605 | 778 | 1034 | 875 | 292 | 1472 | 6981 |
| 1c. Prompt Contradiction | 165 | 85 | 159 | 90 | 36 | 63 | 17 | 36 | 651 |
| 2a. Concept Fabrication | 392 | 230 | 272 | 640 | 189 | 278 | 212 | 515 | 2728 |
| 2b. Spurious Numeric | 403 | 523 | 435 | 295 | 253 | 240 | 118 | 1096 | 3363 |
| 2c. False Citation | 3 | 12 | 4 | 25 | 5 | 48 | 3 | 21 | 121 |
| 3a. Unsupported Leap | 1556 | 1739 | 1373 | 1487 | 1326 | 1695 | 625 | 1498 | 11299 |
| 3b. Self Contradiction | 297 | 166 | 309 | 178 | 62 | 143 | 15 | 73 | 1243 |
| 3c. Circular Reasoning | 2 | 2 | 3 | 2 | 1 | 0 | 0 | 4 | 14 |
| 4a. Syntax Error | 100 | 35 | 223 | 99 | 238 | 94 | 9 | 108 | 906 |
| 4b. Model Semantics Breach | 225 | 111 | 779 | 416 | 236 | 243 | 83 | 41 | 2134 |
| 4c. Visual Description Mismatch | 130 | 36 | 64 | 92 | 47 | 16 | 402 | 26 | 813 |
| **Total** | **4611** | **3980** | **4594** | **4267** | **3645** | **3824** | **1781** | **4938** | **31640** |
