# PM-LLM Benchmark Hallucination Analysis

Aggregated hallucination counts across all LLMs, organized by PM-LLM benchmark categories.

| Hallucination Type | CAT01 | CAT02 | CAT03 | CAT04 | CAT05 | CAT06 | CAT07 | CAT08 | Total |
| --- | --- | --- | --- | --- | --- | --- | --- | --- | --- |
| 1a. Instruction Override | 496 | 133 | 301 | 245 | 240 | 188 | 0 | 89 | 1692 |
| 1b. Context Omission | 1265 | 991 | 563 | 1083 | 599 | 813 | 328 | 990 | 6632 |
| 1c. Prompt Contradiction | 246 | 128 | 219 | 186 | 49 | 81 | 10 | 20 | 939 |
| 2a. Concept Fabrication | 221 | 139 | 277 | 382 | 161 | 229 | 45 | 360 | 1814 |
| 2b. Spurious Numeric | 652 | 990 | 733 | 290 | 379 | 342 | 129 | 858 | 4373 |
| 2c. False Citation | 15 | 23 | 8 | 37 | 7 | 32 | 0 | 14 | 136 |
| 3a. Unsupported Leap | 1970 | 1861 | 2704 | 2280 | 1606 | 1602 | 445 | 1519 | 13987 |
| 3b. Self Contradiction | 432 | 353 | 521 | 299 | 108 | 231 | 28 | 73 | 2045 |
| 3c. Circular Reasoning | 16 | 14 | 7 | 2 | 7 | 7 | 0 | 18 | 71 |
| 4a. Syntax Error | 88 | 44 | 385 | 123 | 301 | 148 | 0 | 60 | 1149 |
| 4b. Model Semantics Breach | 199 | 134 | 1063 | 262 | 174 | 233 | 112 | 18 | 2195 |
| 4c. Visual Description Mismatch | 184 | 54 | 83 | 134 | 31 | 33 | 261 | 41 | 821 |
| **Total** | **5784** | **4864** | **6864** | **5323** | **3662** | **3939** | **1358** | **4060** | **35854** |
