# PM-LLM Benchmark Hallucination Analysis

Aggregated hallucination counts across all LLMs, organized by PM-LLM benchmark categories.

| Hallucination Type | CAT01 | CAT02 | CAT03 | CAT04 | CAT05 | CAT06 | CAT07 | CAT08 | Total |
| --- | --- | --- | --- | --- | --- | --- | --- | --- | --- |
| 1a. Instruction Override | 358 | 101 | 223 | 175 | 138 | 142 | 3 | 52 | 1192 |
| 1b. Context Omission | 1072 | 805 | 418 | 848 | 441 | 663 | 325 | 844 | 5416 |
| 1c. Prompt Contradiction | 193 | 103 | 156 | 124 | 35 | 50 | 13 | 9 | 683 |
| 2a. Concept Fabrication | 162 | 101 | 203 | 293 | 113 | 155 | 52 | 251 | 1330 |
| 2b. Spurious Numeric | 445 | 784 | 575 | 201 | 248 | 247 | 117 | 545 | 3162 |
| 2c. False Citation | 14 | 23 | 6 | 32 | 5 | 24 | 2 | 12 | 118 |
| 3a. Unsupported Leap | 1624 | 1566 | 2304 | 1850 | 1343 | 1283 | 432 | 1223 | 11625 |
| 3b. Self Contradiction | 357 | 260 | 402 | 233 | 75 | 166 | 28 | 47 | 1568 |
| 3c. Circular Reasoning | 12 | 12 | 7 | 1 | 6 | 6 | 0 | 16 | 60 |
| 4a. Syntax Error | 56 | 21 | 291 | 88 | 223 | 103 | 0 | 24 | 806 |
| 4b. Model Semantics Breach | 156 | 94 | 854 | 184 | 123 | 185 | 117 | 7 | 1720 |
| 4c. Visual Description Mismatch | 130 | 34 | 44 | 91 | 24 | 20 | 259 | 23 | 625 |
| **Total** | **4579** | **3904** | **5483** | **4120** | **2774** | **3044** | **1348** | **3053** | **28305** |
