# PM-LLM Benchmark Hallucination Analysis

Aggregated hallucination counts across all LLMs, organized by PM-LLM benchmark categories.

| Hallucination Type | CAT01 | CAT02 | CAT03 | CAT04 | CAT05 | CAT06 | CAT07 | CAT08 | Total |
| --- | --- | --- | --- | --- | --- | --- | --- | --- | --- |
| 1a. Instruction Override | 325 | 92 | 177 | 157 | 123 | 128 | 4 | 48 | 1054 |
| 1b. Context Omission | 998 | 744 | 310 | 824 | 389 | 616 | 364 | 904 | 5149 |
| 1c. Prompt Contradiction | 191 | 87 | 105 | 99 | 25 | 41 | 14 | 9 | 571 |
| 2a. Concept Fabrication | 99 | 51 | 129 | 228 | 50 | 121 | 74 | 231 | 983 |
| 2b. Spurious Numeric | 383 | 767 | 521 | 163 | 200 | 200 | 115 | 440 | 2789 |
| 2c. False Citation | 15 | 23 | 6 | 37 | 6 | 18 | 2 | 10 | 117 |
| 3a. Unsupported Leap | 1479 | 1444 | 2267 | 1802 | 1278 | 1163 | 471 | 1160 | 11064 |
| 3b. Self Contradiction | 338 | 200 | 336 | 197 | 63 | 138 | 29 | 33 | 1334 |
| 3c. Circular Reasoning | 10 | 4 | 8 | 1 | 4 | 2 | 0 | 16 | 45 |
| 4a. Syntax Error | 43 | 15 | 203 | 82 | 214 | 67 | 0 | 14 | 638 |
| 4b. Model Semantics Breach | 158 | 66 | 831 | 174 | 102 | 173 | 132 | 8 | 1644 |
| 4c. Visual Description Mismatch | 109 | 28 | 39 | 72 | 22 | 20 | 277 | 20 | 587 |
| **Total** | **4148** | **3521** | **4932** | **3836** | **2476** | **2687** | **1482** | **2893** | **25975** |
