# PM-LLM Benchmark Hallucination Analysis

Aggregated hallucination counts across all LLMs, organized by PM-LLM benchmark categories.

| Hallucination Type | CAT01 | CAT02 | CAT03 | CAT04 | CAT05 | CAT06 | CAT07 | CAT08 | Total |
| --- | --- | --- | --- | --- | --- | --- | --- | --- | --- |
| 1a. Instruction Override | 348 | 96 | 220 | 174 | 137 | 138 | 2 | 51 | 1166 |
| 1b. Context Omission | 1057 | 790 | 412 | 828 | 433 | 649 | 322 | 830 | 5321 |
| 1c. Prompt Contradiction | 192 | 99 | 153 | 124 | 34 | 49 | 11 | 9 | 671 |
| 2a. Concept Fabrication | 159 | 101 | 202 | 290 | 113 | 153 | 52 | 243 | 1313 |
| 2b. Spurious Numeric | 441 | 773 | 563 | 201 | 246 | 242 | 117 | 533 | 3116 |
| 2c. False Citation | 14 | 23 | 6 | 29 | 5 | 24 | 2 | 12 | 115 |
| 3a. Unsupported Leap | 1595 | 1529 | 2266 | 1819 | 1301 | 1261 | 428 | 1202 | 11401 |
| 3b. Self Contradiction | 353 | 257 | 391 | 224 | 74 | 167 | 28 | 46 | 1540 |
| 3c. Circular Reasoning | 12 | 12 | 7 | 1 | 6 | 6 | 0 | 15 | 59 |
| 4a. Syntax Error | 56 | 21 | 282 | 86 | 214 | 102 | 0 | 24 | 785 |
| 4b. Model Semantics Breach | 153 | 92 | 843 | 181 | 124 | 180 | 116 | 7 | 1696 |
| 4c. Visual Description Mismatch | 126 | 33 | 44 | 89 | 24 | 20 | 252 | 23 | 611 |
| **Total** | **4506** | **3826** | **5389** | **4046** | **2711** | **2991** | **1330** | **2995** | **27794** |
