# PM-LLM Benchmark Hallucination Analysis

Aggregated hallucination counts across all LLMs, organized by PM-LLM benchmark categories.

| Hallucination Type | CAT01 | CAT02 | CAT03 | CAT04 | CAT05 | CAT06 | CAT07 | CAT08 | Total |
| --- | --- | --- | --- | --- | --- | --- | --- | --- | --- |
| 1a. Instruction Override | 343 | 93 | 218 | 172 | 134 | 135 | 0 | 47 | 1142 |
| 1b. Context Omission | 1049 | 784 | 408 | 824 | 430 | 648 | 317 | 822 | 5282 |
| 1c. Prompt Contradiction | 188 | 99 | 152 | 122 | 33 | 49 | 10 | 9 | 662 |
| 2a. Concept Fabrication | 156 | 101 | 197 | 287 | 113 | 150 | 44 | 243 | 1291 |
| 2b. Spurious Numeric | 439 | 764 | 559 | 201 | 244 | 238 | 114 | 526 | 3085 |
| 2c. False Citation | 14 | 22 | 6 | 29 | 5 | 23 | 0 | 12 | 111 |
| 3a. Unsupported Leap | 1580 | 1519 | 2243 | 1806 | 1291 | 1247 | 422 | 1190 | 11298 |
| 3b. Self Contradiction | 349 | 254 | 387 | 221 | 74 | 167 | 26 | 46 | 1524 |
| 3c. Circular Reasoning | 12 | 12 | 7 | 1 | 6 | 6 | 0 | 14 | 58 |
| 4a. Syntax Error | 56 | 21 | 279 | 86 | 211 | 101 | 0 | 23 | 777 |
| 4b. Model Semantics Breach | 150 | 92 | 833 | 179 | 123 | 178 | 112 | 7 | 1674 |
| 4c. Visual Description Mismatch | 125 | 32 | 44 | 88 | 24 | 20 | 239 | 23 | 595 |
| **Total** | **4461** | **3793** | **5333** | **4016** | **2688** | **2962** | **1284** | **2962** | **27499** |
