# PM-LLM Benchmark Hallucination Analysis

Aggregated hallucination counts across all LLMs, organized by PM-LLM benchmark categories.

| Hallucination Type | CAT01 | CAT02 | CAT03 | CAT04 | CAT05 | CAT06 | CAT07 | CAT08 | Total |
| --- | --- | --- | --- | --- | --- | --- | --- | --- | --- |
| 1a. Instruction Override | 398 | 112 | 250 | 193 | 159 | 167 | 4 | 62 | 1345 |
| 1b. Context Omission | 1195 | 915 | 448 | 968 | 515 | 740 | 351 | 1003 | 6135 |
| 1c. Prompt Contradiction | 226 | 120 | 167 | 136 | 40 | 60 | 14 | 14 | 777 |
| 2a. Concept Fabrication | 180 | 117 | 228 | 311 | 114 | 182 | 76 | 316 | 1524 |
| 2b. Spurious Numeric | 521 | 919 | 625 | 215 | 280 | 260 | 124 | 576 | 3520 |
| 2c. False Citation | 14 | 25 | 7 | 39 | 6 | 25 | 2 | 14 | 132 |
| 3a. Unsupported Leap | 1833 | 1769 | 2627 | 2088 | 1552 | 1421 | 468 | 1396 | 13154 |
| 3b. Self Contradiction | 406 | 281 | 433 | 251 | 85 | 184 | 28 | 52 | 1720 |
| 3c. Circular Reasoning | 12 | 11 | 10 | 2 | 6 | 7 | 0 | 19 | 67 |
| 4a. Syntax Error | 64 | 23 | 322 | 108 | 274 | 115 | 0 | 25 | 931 |
| 4b. Model Semantics Breach | 188 | 100 | 997 | 195 | 137 | 217 | 130 | 8 | 1972 |
| 4c. Visual Description Mismatch | 140 | 36 | 49 | 99 | 24 | 28 | 284 | 24 | 684 |
| **Total** | **5177** | **4428** | **6163** | **4605** | **3192** | **3406** | **1481** | **3509** | **31961** |
