# PM-LLM Benchmark Hallucination Analysis

Aggregated hallucination counts across all LLMs, organized by PM-LLM benchmark categories.

| Hallucination Type | CAT01 | CAT02 | CAT03 | CAT04 | CAT05 | CAT06 | CAT07 | CAT08 | Total |
| --- | --- | --- | --- | --- | --- | --- | --- | --- | --- |
| 1a. Instruction Override | 370 | 95 | 234 | 185 | 154 | 145 | 0 | 53 | 1236 |
| 1b. Context Omission | 1068 | 812 | 431 | 857 | 467 | 666 | 321 | 834 | 5456 |
| 1c. Prompt Contradiction | 199 | 102 | 159 | 135 | 36 | 54 | 10 | 11 | 706 |
| 2a. Concept Fabrication | 161 | 112 | 220 | 304 | 118 | 171 | 44 | 269 | 1399 |
| 2b. Spurious Numeric | 472 | 802 | 568 | 208 | 265 | 257 | 117 | 588 | 3277 |
| 2c. False Citation | 14 | 21 | 6 | 34 | 5 | 24 | 0 | 13 | 117 |
| 3a. Unsupported Leap | 1622 | 1568 | 2277 | 1875 | 1325 | 1277 | 426 | 1244 | 11614 |
| 3b. Self Contradiction | 359 | 265 | 399 | 233 | 79 | 173 | 27 | 47 | 1582 |
| 3c. Circular Reasoning | 13 | 12 | 7 | 1 | 6 | 6 | 0 | 16 | 61 |
| 4a. Syntax Error | 58 | 27 | 308 | 91 | 235 | 109 | 0 | 31 | 859 |
| 4b. Model Semantics Breach | 157 | 102 | 862 | 193 | 141 | 189 | 112 | 10 | 1766 |
| 4c. Visual Description Mismatch | 137 | 40 | 52 | 103 | 26 | 26 | 243 | 26 | 653 |
| **Total** | **4630** | **3958** | **5523** | **4219** | **2857** | **3097** | **1300** | **3142** | **28726** |
