# PM-LLM Benchmark Hallucination Analysis

Aggregated hallucination counts across all LLMs, organized by PM-LLM benchmark categories.

| Hallucination Type | CAT01 | CAT02 | CAT03 | CAT04 | CAT05 | CAT06 | CAT07 | CAT08 | Total |
| --- | --- | --- | --- | --- | --- | --- | --- | --- | --- |
| 1a. Instruction Override | 352 | 125 | 382 | 172 | 230 | 135 | 5 | 53 | 1454 |
| 1b. Context Omission | 1043 | 964 | 629 | 810 | 1097 | 917 | 316 | 1536 | 7312 |
| 1c. Prompt Contradiction | 171 | 89 | 168 | 93 | 37 | 66 | 18 | 38 | 680 |
| 2a. Concept Fabrication | 410 | 234 | 280 | 658 | 192 | 283 | 213 | 532 | 2802 |
| 2b. Spurious Numeric | 430 | 538 | 449 | 299 | 262 | 246 | 121 | 1147 | 3492 |
| 2c. False Citation | 4 | 12 | 4 | 25 | 5 | 49 | 3 | 21 | 123 |
| 3a. Unsupported Leap | 1606 | 1788 | 1421 | 1534 | 1371 | 1751 | 648 | 1557 | 11676 |
| 3b. Self Contradiction | 308 | 170 | 321 | 187 | 65 | 148 | 15 | 74 | 1288 |
| 3c. Circular Reasoning | 2 | 2 | 3 | 2 | 1 | 0 | 0 | 4 | 14 |
| 4a. Syntax Error | 110 | 35 | 228 | 99 | 240 | 98 | 9 | 117 | 936 |
| 4b. Model Semantics Breach | 236 | 113 | 805 | 428 | 241 | 253 | 91 | 43 | 2210 |
| 4c. Visual Description Mismatch | 134 | 36 | 65 | 94 | 50 | 16 | 416 | 26 | 837 |
| **Total** | **4806** | **4106** | **4755** | **4401** | **3791** | **3962** | **1855** | **5148** | **32824** |
