# PM-LLM Benchmark Hallucination Analysis

Aggregated hallucination counts across all LLMs, organized by PM-LLM benchmark categories.

| Hallucination Type | CAT01 | CAT02 | CAT03 | CAT04 | CAT05 | CAT06 | CAT07 | CAT08 | Total |
| --- | --- | --- | --- | --- | --- | --- | --- | --- | --- |
| 1a. Instruction Override | 313 | 89 | 170 | 152 | 121 | 126 | 1 | 47 | 1019 |
| 1b. Context Omission | 978 | 738 | 301 | 809 | 382 | 610 | 355 | 874 | 5047 |
| 1c. Prompt Contradiction | 183 | 86 | 101 | 96 | 23 | 39 | 13 | 9 | 550 |
| 2a. Concept Fabrication | 95 | 48 | 119 | 215 | 48 | 119 | 56 | 225 | 925 |
| 2b. Spurious Numeric | 364 | 728 | 506 | 158 | 192 | 182 | 110 | 410 | 2650 |
| 2c. False Citation | 14 | 21 | 6 | 37 | 6 | 16 | 0 | 9 | 109 |
| 3a. Unsupported Leap | 1430 | 1405 | 2204 | 1758 | 1241 | 1124 | 456 | 1129 | 10747 |
| 3b. Self Contradiction | 323 | 192 | 321 | 191 | 60 | 132 | 26 | 33 | 1278 |
| 3c. Circular Reasoning | 8 | 4 | 8 | 1 | 3 | 2 | 0 | 16 | 42 |
| 4a. Syntax Error | 42 | 13 | 195 | 82 | 202 | 65 | 0 | 14 | 613 |
| 4b. Model Semantics Breach | 153 | 64 | 807 | 161 | 100 | 168 | 123 | 8 | 1584 |
| 4c. Visual Description Mismatch | 106 | 26 | 39 | 69 | 21 | 20 | 252 | 20 | 553 |
| **Total** | **4009** | **3414** | **4777** | **3729** | **2399** | **2603** | **1392** | **2794** | **25117** |
