# PM-LLM Benchmark Hallucination Analysis

Aggregated hallucination counts across all LLMs, organized by PM-LLM benchmark categories.

| Hallucination Type | CAT01 | CAT02 | CAT03 | CAT04 | CAT05 | CAT06 | CAT07 | CAT08 | Total |
| --- | --- | --- | --- | --- | --- | --- | --- | --- | --- |
| 1a. Instruction Override | 331 | 135 | 355 | 179 | 238 | 126 | 6 | 55 | 1425 |
| 1b. Context Omission | 1002 | 977 | 630 | 822 | 1087 | 939 | 377 | 1482 | 7316 |
| 1c. Prompt Contradiction | 160 | 75 | 147 | 83 | 39 | 50 | 22 | 31 | 607 |
| 2a. Concept Fabrication | 404 | 200 | 249 | 664 | 178 | 271 | 228 | 493 | 2687 |
| 2b. Spurious Numeric | 397 | 505 | 446 | 288 | 277 | 249 | 127 | 1197 | 3486 |
| 2c. False Citation | 6 | 12 | 4 | 14 | 1 | 51 | 3 | 19 | 110 |
| 3a. Unsupported Leap | 1681 | 1846 | 1442 | 1538 | 1419 | 1827 | 726 | 1603 | 12082 |
| 3b. Self Contradiction | 296 | 147 | 296 | 169 | 59 | 132 | 16 | 67 | 1182 |
| 3c. Circular Reasoning | 2 | 2 | 1 | 2 | 0 | 0 | 0 | 5 | 12 |
| 4a. Syntax Error | 118 | 43 | 207 | 82 | 218 | 90 | 11 | 140 | 909 |
| 4b. Model Semantics Breach | 233 | 119 | 766 | 442 | 246 | 242 | 101 | 44 | 2193 |
| 4c. Visual Description Mismatch | 144 | 40 | 68 | 85 | 40 | 14 | 459 | 25 | 875 |
| **Total** | **4774** | **4101** | **4611** | **4368** | **3802** | **3991** | **2076** | **5161** | **32884** |
