# PM-LLM Benchmark Hallucination Analysis

Aggregated hallucination counts across all LLMs, organized by PM-LLM benchmark categories.

| Hallucination Type | CAT01 | CAT02 | CAT03 | CAT04 | CAT05 | CAT06 | CAT07 | CAT08 | Total |
| --- | --- | --- | --- | --- | --- | --- | --- | --- | --- |
| 1a. Instruction Override | 298 | 104 | 324 | 147 | 186 | 122 | 3 | 44 | 1228 |
| 1b. Context Omission | 902 | 826 | 539 | 704 | 946 | 777 | 255 | 1325 | 6274 |
| 1c. Prompt Contradiction | 143 | 80 | 139 | 78 | 28 | 58 | 13 | 30 | 569 |
| 2a. Concept Fabrication | 350 | 205 | 247 | 566 | 158 | 253 | 200 | 473 | 2452 |
| 2b. Spurious Numeric | 367 | 481 | 397 | 271 | 228 | 224 | 106 | 1013 | 3087 |
| 2c. False Citation | 3 | 11 | 4 | 23 | 5 | 45 | 3 | 21 | 115 |
| 3a. Unsupported Leap | 1381 | 1544 | 1227 | 1314 | 1194 | 1505 | 536 | 1341 | 10042 |
| 3b. Self Contradiction | 268 | 152 | 289 | 161 | 59 | 127 | 10 | 67 | 1133 |
| 3c. Circular Reasoning | 1 | 2 | 3 | 2 | 1 | 0 | 0 | 3 | 12 |
| 4a. Syntax Error | 85 | 31 | 204 | 86 | 214 | 83 | 7 | 94 | 804 |
| 4b. Model Semantics Breach | 200 | 99 | 712 | 361 | 212 | 222 | 75 | 39 | 1920 |
| 4c. Visual Description Mismatch | 119 | 33 | 60 | 82 | 42 | 15 | 327 | 21 | 699 |
| **Total** | **4117** | **3568** | **4145** | **3795** | **3273** | **3431** | **1535** | **4471** | **28335** |
