# PM-LLM Benchmark Hallucination Analysis

Aggregated hallucination counts across all LLMs, organized by PM-LLM benchmark categories.

| Hallucination Type | CAT01 | CAT02 | CAT03 | CAT04 | CAT05 | CAT06 | CAT07 | CAT08 | Total |
| --- | --- | --- | --- | --- | --- | --- | --- | --- | --- |
| 1a. Instruction Override | 306 | 126 | 331 | 168 | 221 | 113 | 6 | 50 | 1321 |
| 1b. Context Omission | 944 | 930 | 588 | 775 | 1043 | 885 | 349 | 1417 | 6931 |
| 1c. Prompt Contradiction | 146 | 63 | 145 | 79 | 34 | 44 | 19 | 30 | 560 |
| 2a. Concept Fabrication | 379 | 185 | 238 | 633 | 164 | 260 | 226 | 458 | 2543 |
| 2b. Spurious Numeric | 366 | 455 | 420 | 275 | 261 | 224 | 126 | 1097 | 3224 |
| 2c. False Citation | 6 | 9 | 4 | 14 | 1 | 46 | 3 | 17 | 100 |
| 3a. Unsupported Leap | 1591 | 1724 | 1361 | 1455 | 1337 | 1731 | 710 | 1514 | 11423 |
| 3b. Self Contradiction | 277 | 136 | 279 | 158 | 54 | 122 | 15 | 61 | 1102 |
| 3c. Circular Reasoning | 1 | 2 | 1 | 2 | 0 | 0 | 0 | 5 | 11 |
| 4a. Syntax Error | 109 | 39 | 192 | 77 | 191 | 85 | 10 | 123 | 826 |
| 4b. Model Semantics Breach | 221 | 108 | 718 | 416 | 221 | 227 | 100 | 42 | 2053 |
| 4c. Visual Description Mismatch | 136 | 36 | 60 | 82 | 39 | 13 | 441 | 25 | 832 |
| **Total** | **4482** | **3813** | **4337** | **4134** | **3566** | **3750** | **2005** | **4839** | **30926** |
