# PM-LLM Benchmark Hallucination Analysis

Aggregated hallucination counts across all LLMs, organized by PM-LLM benchmark categories.

| Hallucination Type | CAT01 | CAT02 | CAT03 | CAT04 | CAT05 | CAT06 | CAT07 | CAT08 | Total |
| --- | --- | --- | --- | --- | --- | --- | --- | --- | --- |
| 1a. Instruction Override | 341 | 138 | 374 | 184 | 244 | 128 | 6 | 56 | 1471 |
| 1b. Context Omission | 1033 | 1005 | 646 | 843 | 1126 | 953 | 377 | 1530 | 7513 |
| 1c. Prompt Contradiction | 177 | 86 | 161 | 90 | 46 | 53 | 22 | 33 | 668 |
| 2a. Concept Fabrication | 428 | 213 | 274 | 688 | 202 | 272 | 228 | 526 | 2831 |
| 2b. Spurious Numeric | 425 | 529 | 469 | 302 | 292 | 251 | 126 | 1261 | 3655 |
| 2c. False Citation | 7 | 13 | 4 | 15 | 1 | 52 | 3 | 20 | 115 |
| 3a. Unsupported Leap | 1745 | 1916 | 1497 | 1592 | 1477 | 1900 | 727 | 1658 | 12512 |
| 3b. Self Contradiction | 316 | 158 | 317 | 175 | 63 | 142 | 16 | 69 | 1256 |
| 3c. Circular Reasoning | 2 | 2 | 1 | 2 | 0 | 0 | 0 | 5 | 12 |
| 4a. Syntax Error | 123 | 41 | 221 | 91 | 238 | 97 | 11 | 143 | 965 |
| 4b. Model Semantics Breach | 242 | 124 | 798 | 459 | 253 | 256 | 102 | 46 | 2280 |
| 4c. Visual Description Mismatch | 148 | 44 | 71 | 90 | 43 | 14 | 461 | 24 | 895 |
| **Total** | **4987** | **4269** | **4833** | **4531** | **3985** | **4118** | **2079** | **5371** | **34173** |
