# PM-LLM Benchmark Hallucination Analysis

Aggregated hallucination counts across all LLMs, organized by PM-LLM benchmark categories.

| Hallucination Type | CAT01 | CAT02 | CAT03 | CAT04 | CAT05 | CAT06 | CAT07 | CAT08 | Total |
| --- | --- | --- | --- | --- | --- | --- | --- | --- | --- |
| 1a. Instruction Override | 356 | 94 | 227 | 177 | 145 | 142 | 0 | 51 | 1192 |
| 1b. Context Omission | 1064 | 804 | 422 | 846 | 445 | 658 | 319 | 829 | 5387 |
| 1c. Prompt Contradiction | 195 | 102 | 158 | 127 | 33 | 51 | 10 | 9 | 685 |
| 2a. Concept Fabrication | 161 | 108 | 201 | 299 | 114 | 161 | 44 | 250 | 1338 |
| 2b. Spurious Numeric | 446 | 780 | 561 | 206 | 262 | 247 | 117 | 553 | 3172 |
| 2c. False Citation | 14 | 21 | 6 | 29 | 5 | 24 | 0 | 12 | 111 |
| 3a. Unsupported Leap | 1615 | 1550 | 2274 | 1845 | 1326 | 1268 | 426 | 1221 | 11525 |
| 3b. Self Contradiction | 351 | 259 | 397 | 228 | 74 | 172 | 27 | 47 | 1555 |
| 3c. Circular Reasoning | 12 | 11 | 7 | 1 | 6 | 6 | 0 | 14 | 57 |
| 4a. Syntax Error | 56 | 25 | 289 | 88 | 220 | 105 | 0 | 27 | 810 |
| 4b. Model Semantics Breach | 154 | 99 | 848 | 187 | 130 | 186 | 112 | 7 | 1723 |
| 4c. Visual Description Mismatch | 129 | 37 | 47 | 96 | 24 | 21 | 243 | 23 | 620 |
| **Total** | **4553** | **3890** | **5437** | **4129** | **2784** | **3041** | **1298** | **3043** | **28175** |
