# PM-LLM Benchmark Hallucination Analysis

Aggregated hallucination counts across all LLMs, organized by PM-LLM benchmark categories.

| Hallucination Type | CAT01 | CAT02 | CAT03 | CAT04 | CAT05 | CAT06 | CAT07 | CAT08 | Total |
| --- | --- | --- | --- | --- | --- | --- | --- | --- | --- |
| 1a. Instruction Override | 403 | 113 | 249 | 197 | 185 | 156 | 0 | 63 | 1366 |
| 1b. Context Omission | 1126 | 850 | 467 | 889 | 497 | 698 | 327 | 861 | 5715 |
| 1c. Prompt Contradiction | 212 | 110 | 173 | 138 | 43 | 61 | 10 | 14 | 761 |
| 2a. Concept Fabrication | 178 | 117 | 234 | 317 | 133 | 189 | 44 | 288 | 1500 |
| 2b. Spurious Numeric | 516 | 865 | 610 | 234 | 287 | 282 | 119 | 648 | 3561 |
| 2c. False Citation | 15 | 21 | 6 | 35 | 6 | 26 | 0 | 13 | 122 |
| 3a. Unsupported Leap | 1707 | 1674 | 2378 | 1973 | 1398 | 1363 | 434 | 1299 | 12226 |
| 3b. Self Contradiction | 380 | 297 | 432 | 245 | 85 | 190 | 27 | 53 | 1709 |
| 3c. Circular Reasoning | 13 | 12 | 7 | 2 | 7 | 6 | 0 | 17 | 64 |
| 4a. Syntax Error | 72 | 33 | 331 | 100 | 252 | 122 | 0 | 40 | 950 |
| 4b. Model Semantics Breach | 167 | 115 | 927 | 209 | 148 | 201 | 112 | 14 | 1893 |
| 4c. Visual Description Mismatch | 147 | 43 | 67 | 111 | 26 | 29 | 249 | 32 | 704 |
| **Total** | **4936** | **4250** | **5881** | **4450** | **3067** | **3323** | **1322** | **3342** | **30571** |
