# PM-LLM Benchmark Hallucination Analysis

Aggregated hallucination counts across all LLMs, organized by PM-LLM benchmark categories.

| Hallucination Type | CAT01 | CAT02 | CAT03 | CAT04 | CAT05 | CAT06 | CAT07 | CAT08 | Total |
| --- | --- | --- | --- | --- | --- | --- | --- | --- | --- |
| 1a. Instruction Override | 314 | 130 | 337 | 171 | 228 | 117 | 6 | 53 | 1356 |
| 1b. Context Omission | 965 | 945 | 604 | 793 | 1057 | 904 | 349 | 1430 | 7047 |
| 1c. Prompt Contradiction | 150 | 68 | 145 | 80 | 34 | 45 | 19 | 31 | 572 |
| 2a. Concept Fabrication | 388 | 193 | 239 | 637 | 168 | 262 | 226 | 480 | 2593 |
| 2b. Spurious Numeric | 377 | 472 | 432 | 278 | 265 | 228 | 126 | 1130 | 3308 |
| 2c. False Citation | 6 | 11 | 4 | 14 | 1 | 46 | 3 | 17 | 102 |
| 3a. Unsupported Leap | 1617 | 1756 | 1389 | 1479 | 1363 | 1753 | 710 | 1539 | 11606 |
| 3b. Self Contradiction | 280 | 139 | 285 | 159 | 58 | 125 | 15 | 62 | 1123 |
| 3c. Circular Reasoning | 1 | 2 | 1 | 2 | 0 | 0 | 0 | 5 | 11 |
| 4a. Syntax Error | 111 | 39 | 195 | 79 | 193 | 88 | 10 | 125 | 840 |
| 4b. Model Semantics Breach | 224 | 110 | 730 | 421 | 227 | 230 | 100 | 42 | 2084 |
| 4c. Visual Description Mismatch | 139 | 36 | 60 | 82 | 40 | 13 | 441 | 25 | 836 |
| **Total** | **4572** | **3901** | **4421** | **4195** | **3634** | **3811** | **2005** | **4939** | **31478** |
