# PM-LLM Benchmark Hallucination Analysis

Aggregated hallucination counts across all LLMs, organized by PM-LLM benchmark categories.

| Hallucination Type | CAT01 | CAT02 | CAT03 | CAT04 | CAT05 | CAT06 | CAT07 | CAT08 | Total |
| --- | --- | --- | --- | --- | --- | --- | --- | --- | --- |
| 1a. Instruction Override | 446 | 128 | 275 | 221 | 215 | 170 | 0 | 77 | 1532 |
| 1b. Context Omission | 1205 | 923 | 514 | 989 | 552 | 752 | 327 | 930 | 6192 |
| 1c. Prompt Contradiction | 227 | 122 | 198 | 164 | 47 | 68 | 10 | 18 | 854 |
| 2a. Concept Fabrication | 200 | 133 | 259 | 356 | 155 | 212 | 44 | 328 | 1687 |
| 2b. Spurious Numeric | 574 | 928 | 669 | 260 | 332 | 306 | 124 | 756 | 3949 |
| 2c. False Citation | 15 | 22 | 7 | 36 | 7 | 29 | 0 | 14 | 130 |
| 3a. Unsupported Leap | 1825 | 1778 | 2521 | 2141 | 1507 | 1485 | 439 | 1408 | 13104 |
| 3b. Self Contradiction | 403 | 327 | 481 | 273 | 100 | 211 | 28 | 67 | 1890 |
| 3c. Circular Reasoning | 14 | 12 | 7 | 2 | 7 | 7 | 0 | 18 | 67 |
| 4a. Syntax Error | 80 | 41 | 356 | 116 | 274 | 137 | 0 | 55 | 1059 |
| 4b. Model Semantics Breach | 182 | 126 | 985 | 239 | 161 | 219 | 112 | 17 | 2041 |
| 4c. Visual Description Mismatch | 164 | 50 | 76 | 125 | 29 | 30 | 254 | 36 | 764 |
| **Total** | **5335** | **4590** | **6348** | **4922** | **3386** | **3626** | **1338** | **3724** | **33269** |
