# PM-LLM Benchmark Hallucination Analysis

Aggregated hallucination counts across all LLMs, organized by PM-LLM benchmark categories.

| Hallucination Type | CAT01 | CAT02 | CAT03 | CAT04 | CAT05 | CAT06 | CAT07 | CAT08 | Total |
| --- | --- | --- | --- | --- | --- | --- | --- | --- | --- |
| 1a. Instruction Override | 367 | 99 | 208 | 172 | 137 | 145 | 4 | 55 | 1187 |
| 1b. Context Omission | 1093 | 839 | 381 | 907 | 454 | 680 | 351 | 949 | 5654 |
| 1c. Prompt Contradiction | 205 | 102 | 134 | 116 | 28 | 43 | 14 | 13 | 655 |
| 2a. Concept Fabrication | 139 | 75 | 176 | 256 | 72 | 133 | 74 | 254 | 1179 |
| 2b. Spurious Numeric | 454 | 812 | 578 | 187 | 239 | 227 | 123 | 490 | 3110 |
| 2c. False Citation | 14 | 24 | 6 | 37 | 6 | 21 | 2 | 11 | 121 |
| 3a. Unsupported Leap | 1663 | 1590 | 2461 | 1962 | 1427 | 1298 | 467 | 1275 | 12143 |
| 3b. Self Contradiction | 367 | 238 | 380 | 221 | 72 | 155 | 28 | 41 | 1502 |
| 3c. Circular Reasoning | 10 | 5 | 9 | 2 | 5 | 4 | 0 | 16 | 51 |
| 4a. Syntax Error | 49 | 19 | 260 | 88 | 231 | 87 | 0 | 19 | 753 |
| 4b. Model Semantics Breach | 174 | 82 | 909 | 186 | 117 | 194 | 130 | 8 | 1800 |
| 4c. Visual Description Mismatch | 129 | 32 | 45 | 84 | 24 | 25 | 281 | 19 | 639 |
| **Total** | **4664** | **3917** | **5547** | **4218** | **2812** | **3012** | **1474** | **3150** | **28794** |
