# PM-LLM Benchmark Hallucination Analysis

Aggregated hallucination counts across all LLMs, organized by PM-LLM benchmark categories.

| Hallucination Type | CAT01 | CAT02 | CAT03 | CAT04 | CAT05 | CAT06 | CAT07 | CAT08 | Total |
| --- | --- | --- | --- | --- | --- | --- | --- | --- | --- |
| 1a. Instruction Override | 429 | 121 | 262 | 211 | 202 | 165 | 0 | 68 | 1458 |
| 1b. Context Omission | 1168 | 887 | 491 | 947 | 530 | 727 | 327 | 902 | 5979 |
| 1c. Prompt Contradiction | 219 | 119 | 185 | 149 | 44 | 63 | 10 | 16 | 805 |
| 2a. Concept Fabrication | 189 | 122 | 246 | 331 | 141 | 200 | 44 | 306 | 1579 |
| 2b. Spurious Numeric | 545 | 895 | 636 | 244 | 314 | 293 | 124 | 700 | 3751 |
| 2c. False Citation | 15 | 21 | 6 | 35 | 6 | 27 | 0 | 13 | 123 |
| 3a. Unsupported Leap | 1777 | 1716 | 2459 | 2051 | 1451 | 1433 | 438 | 1366 | 12691 |
| 3b. Self Contradiction | 396 | 313 | 456 | 261 | 91 | 200 | 27 | 59 | 1803 |
| 3c. Circular Reasoning | 14 | 12 | 7 | 2 | 7 | 7 | 0 | 17 | 66 |
| 4a. Syntax Error | 77 | 37 | 337 | 103 | 264 | 131 | 0 | 43 | 992 |
| 4b. Model Semantics Breach | 175 | 120 | 958 | 227 | 153 | 210 | 112 | 14 | 1969 |
| 4c. Visual Description Mismatch | 157 | 48 | 69 | 117 | 26 | 29 | 253 | 34 | 733 |
| **Total** | **5161** | **4411** | **6112** | **4678** | **3229** | **3485** | **1335** | **3538** | **31949** |
