# PM-LLM Benchmark Hallucination Analysis

Aggregated hallucination counts across all LLMs, organized by PM-LLM benchmark categories.

| Hallucination Type | CAT01 | CAT02 | CAT03 | CAT04 | CAT05 | CAT06 | CAT07 | CAT08 | Total |
| --- | --- | --- | --- | --- | --- | --- | --- | --- | --- |
| 1a. Instruction Override | 407 | 114 | 251 | 199 | 187 | 156 | 0 | 64 | 1378 |
| 1b. Context Omission | 1133 | 856 | 470 | 901 | 508 | 703 | 327 | 864 | 5762 |
| 1c. Prompt Contradiction | 212 | 111 | 175 | 139 | 43 | 61 | 10 | 14 | 765 |
| 2a. Concept Fabrication | 178 | 119 | 236 | 319 | 134 | 189 | 44 | 288 | 1507 |
| 2b. Spurious Numeric | 519 | 870 | 618 | 234 | 292 | 282 | 119 | 652 | 3586 |
| 2c. False Citation | 15 | 21 | 6 | 35 | 6 | 26 | 0 | 13 | 122 |
| 3a. Unsupported Leap | 1716 | 1679 | 2394 | 1983 | 1407 | 1374 | 434 | 1306 | 12293 |
| 3b. Self Contradiction | 381 | 299 | 436 | 247 | 87 | 191 | 27 | 54 | 1722 |
| 3c. Circular Reasoning | 13 | 12 | 7 | 2 | 7 | 6 | 0 | 17 | 64 |
| 4a. Syntax Error | 72 | 33 | 334 | 100 | 252 | 122 | 0 | 40 | 953 |
| 4b. Model Semantics Breach | 167 | 116 | 932 | 214 | 149 | 202 | 112 | 14 | 1906 |
| 4c. Visual Description Mismatch | 149 | 44 | 68 | 111 | 26 | 29 | 249 | 32 | 708 |
| **Total** | **4962** | **4274** | **5927** | **4484** | **3098** | **3341** | **1322** | **3358** | **30766** |
