# PM-LLM Benchmark Hallucination Analysis

Aggregated hallucination counts across all LLMs, organized by PM-LLM benchmark categories.

| Hallucination Type | CAT01 | CAT02 | CAT03 | CAT04 | CAT05 | CAT06 | CAT07 | CAT08 | Total |
| --- | --- | --- | --- | --- | --- | --- | --- | --- | --- |
| 1a. Instruction Override | 350 | 92 | 222 | 174 | 143 | 139 | 0 | 48 | 1168 |
| 1b. Context Omission | 1058 | 798 | 415 | 841 | 441 | 651 | 319 | 828 | 5351 |
| 1c. Prompt Contradiction | 191 | 101 | 155 | 124 | 33 | 51 | 10 | 9 | 674 |
| 2a. Concept Fabrication | 160 | 106 | 196 | 291 | 114 | 157 | 44 | 248 | 1316 |
| 2b. Spurious Numeric | 442 | 777 | 556 | 197 | 257 | 240 | 117 | 541 | 3127 |
| 2c. False Citation | 14 | 21 | 6 | 29 | 5 | 23 | 0 | 12 | 110 |
| 3a. Unsupported Leap | 1601 | 1539 | 2259 | 1824 | 1316 | 1253 | 426 | 1210 | 11428 |
| 3b. Self Contradiction | 347 | 258 | 391 | 225 | 74 | 169 | 27 | 46 | 1537 |
| 3c. Circular Reasoning | 12 | 11 | 7 | 1 | 6 | 6 | 0 | 14 | 57 |
| 4a. Syntax Error | 55 | 22 | 287 | 88 | 219 | 103 | 0 | 23 | 797 |
| 4b. Model Semantics Breach | 153 | 97 | 842 | 184 | 130 | 183 | 112 | 7 | 1708 |
| 4c. Visual Description Mismatch | 126 | 34 | 47 | 90 | 24 | 20 | 242 | 23 | 606 |
| **Total** | **4509** | **3856** | **5383** | **4068** | **2762** | **2995** | **1297** | **3009** | **27879** |
