# PM-LLM Benchmark Hallucination Analysis

Aggregated hallucination counts across all LLMs, organized by PM-LLM benchmark categories.

| Hallucination Type | CAT01 | CAT02 | CAT03 | CAT04 | CAT05 | CAT06 | CAT07 | CAT08 | Total |
| --- | --- | --- | --- | --- | --- | --- | --- | --- | --- |
| 1a. Instruction Override | 371 | 153 | 406 | 201 | 273 | 137 | 6 | 61 | 1608 |
| 1b. Context Omission | 1099 | 1064 | 691 | 891 | 1189 | 1012 | 397 | 1613 | 7956 |
| 1c. Prompt Contradiction | 188 | 90 | 166 | 95 | 48 | 57 | 23 | 33 | 700 |
| 2a. Concept Fabrication | 464 | 237 | 299 | 748 | 232 | 294 | 265 | 571 | 3110 |
| 2b. Spurious Numeric | 454 | 568 | 497 | 322 | 320 | 275 | 134 | 1363 | 3933 |
| 2c. False Citation | 7 | 15 | 4 | 15 | 1 | 57 | 3 | 20 | 122 |
| 3a. Unsupported Leap | 1900 | 2094 | 1604 | 1714 | 1598 | 2074 | 795 | 1793 | 13572 |
| 3b. Self Contradiction | 334 | 171 | 338 | 186 | 69 | 155 | 18 | 73 | 1344 |
| 3c. Circular Reasoning | 2 | 2 | 1 | 2 | 0 | 0 | 0 | 5 | 12 |
| 4a. Syntax Error | 144 | 46 | 236 | 98 | 256 | 101 | 11 | 156 | 1048 |
| 4b. Model Semantics Breach | 261 | 134 | 856 | 472 | 270 | 277 | 115 | 52 | 2437 |
| 4c. Visual Description Mismatch | 157 | 49 | 78 | 98 | 46 | 14 | 518 | 28 | 988 |
| **Total** | **5381** | **4623** | **5176** | **4842** | **4302** | **4453** | **2285** | **5768** | **36830** |
