# PM-LLM Benchmark Hallucination Analysis

Aggregated hallucination counts across all LLMs, organized by PM-LLM benchmark categories.

| Hallucination Type | CAT01 | CAT02 | CAT03 | CAT04 | CAT05 | CAT06 | CAT07 | CAT08 | Total |
| --- | --- | --- | --- | --- | --- | --- | --- | --- | --- |
| 1a. Instruction Override | 324 | 133 | 348 | 176 | 235 | 123 | 6 | 55 | 1400 |
| 1b. Context Omission | 989 | 965 | 620 | 811 | 1075 | 922 | 377 | 1452 | 7211 |
| 1c. Prompt Contradiction | 153 | 72 | 146 | 83 | 36 | 47 | 22 | 31 | 590 |
| 2a. Concept Fabrication | 396 | 198 | 245 | 657 | 171 | 265 | 228 | 486 | 2646 |
| 2b. Spurious Numeric | 388 | 483 | 441 | 285 | 273 | 238 | 127 | 1178 | 3413 |
| 2c. False Citation | 6 | 12 | 4 | 14 | 1 | 49 | 3 | 18 | 107 |
| 3a. Unsupported Leap | 1659 | 1808 | 1421 | 1518 | 1391 | 1802 | 726 | 1582 | 11907 |
| 3b. Self Contradiction | 287 | 145 | 289 | 163 | 58 | 129 | 16 | 65 | 1152 |
| 3c. Circular Reasoning | 2 | 2 | 1 | 2 | 0 | 0 | 0 | 5 | 12 |
| 4a. Syntax Error | 114 | 43 | 198 | 79 | 206 | 89 | 11 | 132 | 872 |
| 4b. Model Semantics Breach | 228 | 114 | 744 | 435 | 239 | 238 | 101 | 44 | 2143 |
| 4c. Visual Description Mismatch | 144 | 38 | 65 | 85 | 40 | 13 | 459 | 25 | 869 |
| **Total** | **4690** | **4013** | **4522** | **4308** | **3725** | **3915** | **2076** | **5073** | **32322** |
