# PM-LLM Benchmark Hallucination Analysis

Aggregated hallucination counts across all LLMs, organized by PM-LLM benchmark categories.

| Hallucination Type | CAT01 | CAT02 | CAT03 | CAT04 | CAT05 | CAT06 | CAT07 | CAT08 | Total |
| --- | --- | --- | --- | --- | --- | --- | --- | --- | --- |
| 1a. Instruction Override | 366 | 133 | 397 | 177 | 239 | 144 | 5 | 56 | 1517 |
| 1b. Context Omission | 1072 | 994 | 654 | 851 | 1129 | 942 | 326 | 1567 | 7535 |
| 1c. Prompt Contradiction | 180 | 91 | 173 | 96 | 39 | 66 | 18 | 40 | 703 |
| 2a. Concept Fabrication | 425 | 238 | 292 | 677 | 202 | 307 | 214 | 545 | 2900 |
| 2b. Spurious Numeric | 442 | 562 | 467 | 306 | 272 | 251 | 122 | 1182 | 3604 |
| 2c. False Citation | 7 | 12 | 4 | 25 | 5 | 55 | 3 | 21 | 132 |
| 3a. Unsupported Leap | 1655 | 1855 | 1469 | 1585 | 1418 | 1808 | 663 | 1606 | 12059 |
| 3b. Self Contradiction | 323 | 173 | 333 | 188 | 67 | 155 | 15 | 79 | 1333 |
| 3c. Circular Reasoning | 2 | 2 | 3 | 2 | 1 | 0 | 0 | 5 | 15 |
| 4a. Syntax Error | 113 | 36 | 242 | 101 | 249 | 102 | 9 | 130 | 982 |
| 4b. Model Semantics Breach | 242 | 116 | 838 | 451 | 249 | 261 | 94 | 45 | 2296 |
| 4c. Visual Description Mismatch | 141 | 38 | 65 | 99 | 51 | 16 | 419 | 27 | 856 |
| **Total** | **4968** | **4250** | **4937** | **4558** | **3921** | **4107** | **1888** | **5303** | **33932** |
