# PM-LLM Benchmark Hallucination Analysis

Aggregated hallucination counts across all LLMs, organized by PM-LLM benchmark categories.

| Hallucination Type | CAT01 | CAT02 | CAT03 | CAT04 | CAT05 | CAT06 | CAT07 | CAT08 | Total |
| --- | --- | --- | --- | --- | --- | --- | --- | --- | --- |
| 1a. Instruction Override | 359 | 127 | 392 | 176 | 235 | 143 | 5 | 54 | 1491 |
| 1b. Context Omission | 1062 | 981 | 640 | 830 | 1110 | 931 | 316 | 1554 | 7424 |
| 1c. Prompt Contradiction | 178 | 90 | 170 | 96 | 38 | 66 | 18 | 40 | 696 |
| 2a. Concept Fabrication | 422 | 236 | 290 | 670 | 200 | 296 | 213 | 537 | 2864 |
| 2b. Spurious Numeric | 435 | 553 | 462 | 303 | 268 | 249 | 121 | 1159 | 3550 |
| 2c. False Citation | 7 | 12 | 4 | 25 | 5 | 49 | 3 | 21 | 126 |
| 3a. Unsupported Leap | 1627 | 1821 | 1447 | 1558 | 1395 | 1775 | 648 | 1582 | 11853 |
| 3b. Self Contradiction | 319 | 172 | 328 | 188 | 66 | 152 | 15 | 78 | 1318 |
| 3c. Circular Reasoning | 2 | 2 | 3 | 2 | 1 | 0 | 0 | 4 | 14 |
| 4a. Syntax Error | 111 | 35 | 236 | 100 | 246 | 100 | 9 | 117 | 954 |
| 4b. Model Semantics Breach | 237 | 114 | 832 | 437 | 246 | 258 | 91 | 43 | 2258 |
| 4c. Visual Description Mismatch | 136 | 36 | 65 | 98 | 50 | 16 | 416 | 27 | 844 |
| **Total** | **4895** | **4179** | **4869** | **4483** | **3860** | **4035** | **1855** | **5216** | **33392** |
