# PM-LLM Benchmark Hallucination Analysis

Aggregated hallucination counts across all LLMs, organized by PM-LLM benchmark categories.

| Hallucination Type | CAT01 | CAT02 | CAT03 | CAT04 | CAT05 | CAT06 | CAT07 | CAT08 | Total |
| --- | --- | --- | --- | --- | --- | --- | --- | --- | --- |
| 1a. Instruction Override | 369 | 150 | 400 | 196 | 269 | 135 | 6 | 58 | 1583 |
| 1b. Context Omission | 1085 | 1049 | 684 | 880 | 1186 | 994 | 397 | 1593 | 7868 |
| 1c. Prompt Contradiction | 186 | 90 | 166 | 94 | 47 | 57 | 23 | 33 | 696 |
| 2a. Concept Fabrication | 457 | 220 | 290 | 735 | 219 | 288 | 265 | 557 | 3031 |
| 2b. Spurious Numeric | 446 | 559 | 489 | 318 | 313 | 267 | 134 | 1334 | 3860 |
| 2c. False Citation | 7 | 15 | 4 | 15 | 1 | 56 | 3 | 20 | 121 |
| 3a. Unsupported Leap | 1860 | 2053 | 1579 | 1688 | 1569 | 2026 | 795 | 1758 | 13328 |
| 3b. Self Contradiction | 330 | 169 | 329 | 185 | 68 | 153 | 18 | 73 | 1325 |
| 3c. Circular Reasoning | 2 | 2 | 1 | 2 | 0 | 0 | 0 | 5 | 12 |
| 4a. Syntax Error | 141 | 46 | 233 | 98 | 250 | 100 | 11 | 155 | 1034 |
| 4b. Model Semantics Breach | 257 | 134 | 842 | 469 | 266 | 273 | 115 | 52 | 2408 |
| 4c. Visual Description Mismatch | 155 | 49 | 77 | 95 | 46 | 14 | 518 | 27 | 981 |
| **Total** | **5295** | **4536** | **5094** | **4775** | **4234** | **4363** | **2285** | **5665** | **36247** |
