# PM-LLM Benchmark Hallucination Analysis

Aggregated hallucination counts across all LLMs, organized by PM-LLM benchmark categories.

| Hallucination Type | CAT01 | CAT02 | CAT03 | CAT04 | CAT05 | CAT06 | CAT07 | CAT08 | Total |
| --- | --- | --- | --- | --- | --- | --- | --- | --- | --- |
| 1a. Instruction Override | 382 | 106 | 232 | 184 | 145 | 155 | 4 | 56 | 1264 |
| 1b. Context Omission | 1141 | 879 | 418 | 938 | 494 | 716 | 351 | 968 | 5905 |
| 1c. Prompt Contradiction | 213 | 107 | 154 | 130 | 33 | 51 | 14 | 14 | 716 |
| 2a. Concept Fabrication | 167 | 103 | 212 | 284 | 98 | 170 | 76 | 305 | 1415 |
| 2b. Spurious Numeric | 496 | 884 | 612 | 207 | 265 | 248 | 124 | 565 | 3401 |
| 2c. False Citation | 14 | 25 | 7 | 39 | 6 | 22 | 2 | 14 | 129 |
| 3a. Unsupported Leap | 1766 | 1699 | 2559 | 2035 | 1501 | 1372 | 468 | 1347 | 12747 |
| 3b. Self Contradiction | 397 | 261 | 408 | 242 | 81 | 170 | 28 | 52 | 1639 |
| 3c. Circular Reasoning | 12 | 9 | 10 | 2 | 5 | 5 | 0 | 16 | 59 |
| 4a. Syntax Error | 62 | 21 | 294 | 98 | 264 | 105 | 0 | 23 | 867 |
| 4b. Model Semantics Breach | 179 | 90 | 956 | 192 | 132 | 208 | 130 | 8 | 1895 |
| 4c. Visual Description Mismatch | 134 | 32 | 49 | 91 | 24 | 27 | 284 | 24 | 665 |
| **Total** | **4963** | **4216** | **5911** | **4442** | **3048** | **3249** | **1481** | **3392** | **30702** |
