# PM-LLM Benchmark Hallucination Analysis

Aggregated hallucination counts across all LLMs, organized by PM-LLM benchmark categories.

| Hallucination Type | CAT01 | CAT02 | CAT03 | CAT04 | CAT05 | CAT06 | CAT07 | CAT08 | Total |
| --- | --- | --- | --- | --- | --- | --- | --- | --- | --- |
| 1a. Instruction Override | 416 | 118 | 259 | 204 | 196 | 162 | 0 | 65 | 1420 |
| 1b. Context Omission | 1154 | 877 | 487 | 932 | 521 | 721 | 327 | 895 | 5914 |
| 1c. Prompt Contradiction | 216 | 115 | 181 | 146 | 43 | 63 | 10 | 14 | 788 |
| 2a. Concept Fabrication | 187 | 121 | 240 | 326 | 137 | 198 | 44 | 296 | 1549 |
| 2b. Spurious Numeric | 536 | 880 | 632 | 241 | 308 | 286 | 123 | 679 | 3685 |
| 2c. False Citation | 15 | 21 | 6 | 35 | 6 | 27 | 0 | 13 | 123 |
| 3a. Unsupported Leap | 1756 | 1704 | 2435 | 2031 | 1437 | 1416 | 438 | 1342 | 12559 |
| 3b. Self Contradiction | 389 | 306 | 446 | 255 | 88 | 197 | 27 | 56 | 1764 |
| 3c. Circular Reasoning | 13 | 12 | 7 | 2 | 7 | 7 | 0 | 17 | 65 |
| 4a. Syntax Error | 74 | 37 | 337 | 102 | 261 | 126 | 0 | 41 | 978 |
| 4b. Model Semantics Breach | 174 | 118 | 945 | 223 | 149 | 206 | 112 | 14 | 1941 |
| 4c. Visual Description Mismatch | 155 | 47 | 69 | 116 | 26 | 29 | 251 | 33 | 726 |
| **Total** | **5085** | **4356** | **6044** | **4613** | **3179** | **3438** | **1332** | **3465** | **31512** |
