# PM-LLM Benchmark Hallucination Analysis

Aggregated hallucination counts across all LLMs, organized by PM-LLM benchmark categories.

| Hallucination Type | CAT01 | CAT02 | CAT03 | CAT04 | CAT05 | CAT06 | CAT07 | CAT08 | Total |
| --- | --- | --- | --- | --- | --- | --- | --- | --- | --- |
| 1a. Instruction Override | 344 | 141 | 377 | 185 | 248 | 129 | 6 | 56 | 1486 |
| 1b. Context Omission | 1045 | 1014 | 653 | 852 | 1128 | 957 | 382 | 1541 | 7572 |
| 1c. Prompt Contradiction | 179 | 88 | 163 | 92 | 46 | 53 | 22 | 33 | 676 |
| 2a. Concept Fabrication | 431 | 213 | 276 | 691 | 204 | 272 | 230 | 530 | 2847 |
| 2b. Spurious Numeric | 427 | 535 | 469 | 302 | 292 | 254 | 126 | 1262 | 3667 |
| 2c. False Citation | 7 | 13 | 4 | 15 | 1 | 52 | 3 | 20 | 115 |
| 3a. Unsupported Leap | 1755 | 1930 | 1511 | 1604 | 1489 | 1912 | 742 | 1666 | 12609 |
| 3b. Self Contradiction | 319 | 161 | 319 | 177 | 64 | 146 | 17 | 70 | 1273 |
| 3c. Circular Reasoning | 2 | 2 | 1 | 2 | 0 | 0 | 0 | 5 | 12 |
| 4a. Syntax Error | 125 | 42 | 224 | 93 | 239 | 98 | 11 | 144 | 976 |
| 4b. Model Semantics Breach | 242 | 127 | 806 | 460 | 258 | 262 | 105 | 47 | 2307 |
| 4c. Visual Description Mismatch | 150 | 44 | 73 | 90 | 43 | 14 | 471 | 24 | 909 |
| **Total** | **5026** | **4310** | **4876** | **4563** | **4012** | **4149** | **2115** | **5398** | **34449** |
