# PM-LLM Benchmark Hallucination Analysis

Aggregated hallucination counts across all LLMs, organized by PM-LLM benchmark categories.

| Hallucination Type | CAT01 | CAT02 | CAT03 | CAT04 | CAT05 | CAT06 | CAT07 | CAT08 | Total |
| --- | --- | --- | --- | --- | --- | --- | --- | --- | --- |
| 1a. Instruction Override | 326 | 91 | 174 | 157 | 125 | 126 | 1 | 47 | 1047 |
| 1b. Context Omission | 991 | 745 | 311 | 829 | 390 | 617 | 355 | 886 | 5124 |
| 1c. Prompt Contradiction | 184 | 87 | 103 | 100 | 24 | 39 | 13 | 9 | 559 |
| 2a. Concept Fabrication | 96 | 49 | 123 | 217 | 49 | 121 | 56 | 228 | 939 |
| 2b. Spurious Numeric | 376 | 747 | 530 | 165 | 198 | 192 | 110 | 424 | 2742 |
| 2c. False Citation | 14 | 21 | 6 | 37 | 6 | 18 | 0 | 9 | 111 |
| 3a. Unsupported Leap | 1451 | 1422 | 2237 | 1795 | 1291 | 1148 | 456 | 1138 | 10938 |
| 3b. Self Contradiction | 327 | 196 | 325 | 197 | 62 | 133 | 26 | 33 | 1299 |
| 3c. Circular Reasoning | 8 | 4 | 8 | 1 | 3 | 2 | 0 | 16 | 42 |
| 4a. Syntax Error | 42 | 14 | 196 | 82 | 208 | 66 | 0 | 14 | 622 |
| 4b. Model Semantics Breach | 154 | 64 | 821 | 169 | 103 | 175 | 123 | 8 | 1617 |
| 4c. Visual Description Mismatch | 110 | 26 | 39 | 73 | 21 | 20 | 252 | 20 | 561 |
| **Total** | **4079** | **3466** | **4873** | **3822** | **2480** | **2657** | **1392** | **2832** | **25601** |
