# PM-LLM Benchmark Hallucination Analysis

Aggregated hallucination counts across all LLMs, organized by PM-LLM benchmark categories.

| Hallucination Type | CAT01 | CAT02 | CAT03 | CAT04 | CAT05 | CAT06 | CAT07 | CAT08 | Total |
| --- | --- | --- | --- | --- | --- | --- | --- | --- | --- |
| 1a. Instruction Override | 284 | 98 | 306 | 143 | 175 | 115 | 3 | 41 | 1165 |
| 1b. Context Omission | 862 | 785 | 512 | 676 | 904 | 753 | 252 | 1284 | 6028 |
| 1c. Prompt Contradiction | 139 | 76 | 135 | 75 | 27 | 57 | 13 | 29 | 551 |
| 2a. Concept Fabrication | 340 | 197 | 237 | 534 | 151 | 244 | 189 | 437 | 2329 |
| 2b. Spurious Numeric | 352 | 468 | 384 | 265 | 219 | 211 | 96 | 967 | 2962 |
| 2c. False Citation | 3 | 11 | 4 | 23 | 5 | 43 | 3 | 17 | 109 |
| 3a. Unsupported Leap | 1327 | 1465 | 1182 | 1259 | 1133 | 1433 | 517 | 1273 | 9589 |
| 3b. Self Contradiction | 258 | 146 | 277 | 152 | 57 | 121 | 9 | 64 | 1084 |
| 3c. Circular Reasoning | 1 | 2 | 3 | 2 | 1 | 0 | 0 | 3 | 12 |
| 4a. Syntax Error | 83 | 29 | 197 | 82 | 204 | 82 | 7 | 91 | 775 |
| 4b. Model Semantics Breach | 193 | 96 | 681 | 348 | 201 | 212 | 73 | 38 | 1842 |
| 4c. Visual Description Mismatch | 113 | 33 | 56 | 78 | 38 | 15 | 315 | 21 | 669 |
| **Total** | **3955** | **3406** | **3974** | **3637** | **3115** | **3286** | **1477** | **4265** | **27115** |
