# PM-LLM Benchmark Hallucination Analysis

Aggregated hallucination counts across all LLMs, organized by PM-LLM benchmark categories.

| Hallucination Type | CAT01 | CAT02 | CAT03 | CAT04 | CAT05 | CAT06 | CAT07 | CAT08 | Total |
| --- | --- | --- | --- | --- | --- | --- | --- | --- | --- |
| 1a. Instruction Override | 296 | 118 | 321 | 153 | 204 | 109 | 5 | 48 | 1254 |
| 1b. Context Omission | 913 | 876 | 564 | 740 | 995 | 835 | 331 | 1365 | 6619 |
| 1c. Prompt Contradiction | 141 | 63 | 140 | 79 | 31 | 44 | 18 | 29 | 545 |
| 2a. Concept Fabrication | 357 | 188 | 229 | 600 | 162 | 250 | 217 | 437 | 2440 |
| 2b. Spurious Numeric | 350 | 432 | 399 | 260 | 240 | 210 | 124 | 1045 | 3060 |
| 2c. False Citation | 5 | 9 | 3 | 14 | 1 | 46 | 3 | 17 | 98 |
| 3a. Unsupported Leap | 1498 | 1645 | 1284 | 1400 | 1275 | 1649 | 689 | 1422 | 10862 |
| 3b. Self Contradiction | 265 | 135 | 273 | 156 | 53 | 115 | 15 | 59 | 1071 |
| 3c. Circular Reasoning | 1 | 2 | 1 | 2 | 0 | 0 | 0 | 4 | 10 |
| 4a. Syntax Error | 110 | 34 | 184 | 71 | 191 | 83 | 9 | 128 | 810 |
| 4b. Model Semantics Breach | 207 | 105 | 671 | 402 | 210 | 216 | 95 | 39 | 1945 |
| 4c. Visual Description Mismatch | 130 | 33 | 59 | 82 | 40 | 14 | 428 | 23 | 809 |
| **Total** | **4273** | **3640** | **4128** | **3959** | **3402** | **3571** | **1934** | **4616** | **29523** |
