# PM-LLM Benchmark Hallucination Analysis

Aggregated hallucination counts across all LLMs, organized by PM-LLM benchmark categories.

| Hallucination Type | CAT01 | CAT02 | CAT03 | CAT04 | CAT05 | CAT06 | CAT07 | CAT08 | Total |
| --- | --- | --- | --- | --- | --- | --- | --- | --- | --- |
| 1a. Instruction Override | 372 | 136 | 403 | 180 | 243 | 146 | 5 | 58 | 1543 |
| 1b. Context Omission | 1098 | 1030 | 670 | 876 | 1155 | 965 | 331 | 1595 | 7720 |
| 1c. Prompt Contradiction | 183 | 93 | 176 | 101 | 41 | 67 | 18 | 40 | 719 |
| 2a. Concept Fabrication | 439 | 239 | 302 | 694 | 209 | 316 | 217 | 563 | 2979 |
| 2b. Spurious Numeric | 451 | 568 | 482 | 316 | 283 | 258 | 124 | 1219 | 3701 |
| 2c. False Citation | 7 | 12 | 4 | 25 | 5 | 56 | 3 | 23 | 135 |
| 3a. Unsupported Leap | 1710 | 1909 | 1516 | 1640 | 1471 | 1866 | 689 | 1655 | 12456 |
| 3b. Self Contradiction | 331 | 177 | 343 | 191 | 67 | 158 | 15 | 81 | 1363 |
| 3c. Circular Reasoning | 2 | 2 | 3 | 2 | 1 | 0 | 0 | 5 | 15 |
| 4a. Syntax Error | 117 | 37 | 250 | 102 | 261 | 102 | 9 | 133 | 1011 |
| 4b. Model Semantics Breach | 251 | 117 | 865 | 464 | 257 | 271 | 95 | 47 | 2367 |
| 4c. Visual Description Mismatch | 145 | 39 | 69 | 102 | 52 | 16 | 428 | 27 | 878 |
| **Total** | **5106** | **4359** | **5083** | **4693** | **4045** | **4221** | **1934** | **5446** | **34887** |
