# PM-LLM Benchmark Hallucination Analysis

Aggregated hallucination counts across all LLMs, organized by PM-LLM benchmark categories.

| Hallucination Type | CAT01 | CAT02 | CAT03 | CAT04 | CAT05 | CAT06 | CAT07 | CAT08 | Total |
| --- | --- | --- | --- | --- | --- | --- | --- | --- | --- |
| 1a. Instruction Override | 356 | 145 | 387 | 192 | 256 | 132 | 6 | 58 | 1532 |
| 1b. Context Omission | 1064 | 1028 | 667 | 866 | 1156 | 974 | 387 | 1560 | 7702 |
| 1c. Prompt Contradiction | 185 | 88 | 165 | 93 | 47 | 55 | 23 | 33 | 689 |
| 2a. Concept Fabrication | 453 | 218 | 280 | 717 | 216 | 282 | 253 | 544 | 2963 |
| 2b. Spurious Numeric | 435 | 555 | 477 | 314 | 299 | 259 | 133 | 1306 | 3778 |
| 2c. False Citation | 7 | 15 | 4 | 15 | 1 | 53 | 3 | 20 | 118 |
| 3a. Unsupported Leap | 1794 | 1983 | 1538 | 1639 | 1522 | 1964 | 781 | 1713 | 12934 |
| 3b. Self Contradiction | 324 | 166 | 324 | 182 | 65 | 148 | 18 | 71 | 1298 |
| 3c. Circular Reasoning | 2 | 2 | 1 | 2 | 0 | 0 | 0 | 5 | 12 |
| 4a. Syntax Error | 126 | 43 | 228 | 94 | 243 | 99 | 11 | 145 | 989 |
| 4b. Model Semantics Breach | 251 | 132 | 822 | 465 | 260 | 268 | 107 | 50 | 2355 |
| 4c. Visual Description Mismatch | 151 | 46 | 76 | 94 | 44 | 14 | 507 | 27 | 959 |
| **Total** | **5148** | **4421** | **4969** | **4673** | **4109** | **4248** | **2229** | **5532** | **35329** |
