# PM-LLM Benchmark Hallucination Analysis

Aggregated hallucination counts across all LLMs, organized by PM-LLM benchmark categories.

| Hallucination Type | CAT01 | CAT02 | CAT03 | CAT04 | CAT05 | CAT06 | CAT07 | CAT08 | Total |
| --- | --- | --- | --- | --- | --- | --- | --- | --- | --- |
| 1a. Instruction Override | 324 | 92 | 177 | 157 | 123 | 128 | 4 | 48 | 1053 |
| 1b. Context Omission | 995 | 744 | 310 | 823 | 388 | 615 | 364 | 902 | 5141 |
| 1c. Prompt Contradiction | 190 | 87 | 105 | 99 | 25 | 41 | 14 | 9 | 570 |
| 2a. Concept Fabrication | 99 | 51 | 129 | 225 | 50 | 121 | 74 | 231 | 980 |
| 2b. Spurious Numeric | 383 | 764 | 518 | 160 | 200 | 195 | 115 | 434 | 2769 |
| 2c. False Citation | 14 | 23 | 6 | 37 | 6 | 18 | 2 | 9 | 115 |
| 3a. Unsupported Leap | 1476 | 1438 | 2260 | 1792 | 1272 | 1155 | 471 | 1155 | 11019 |
| 3b. Self Contradiction | 338 | 200 | 334 | 196 | 62 | 138 | 29 | 33 | 1330 |
| 3c. Circular Reasoning | 10 | 4 | 8 | 1 | 3 | 2 | 0 | 16 | 44 |
| 4a. Syntax Error | 43 | 13 | 203 | 82 | 209 | 66 | 0 | 14 | 630 |
| 4b. Model Semantics Breach | 157 | 66 | 828 | 171 | 101 | 173 | 132 | 8 | 1636 |
| 4c. Visual Description Mismatch | 109 | 28 | 39 | 72 | 22 | 20 | 277 | 20 | 587 |
| **Total** | **4138** | **3510** | **4917** | **3815** | **2461** | **2672** | **1482** | **2879** | **25874** |
