# PM-LLM Benchmark Hallucination Analysis

Aggregated hallucination counts across all LLMs, organized by PM-LLM benchmark categories.

| Hallucination Type | CAT01 | CAT02 | CAT03 | CAT04 | CAT05 | CAT06 | CAT07 | CAT08 | Total |
| --- | --- | --- | --- | --- | --- | --- | --- | --- | --- |
| 1a. Instruction Override | 290 | 117 | 313 | 152 | 204 | 108 | 5 | 48 | 1237 |
| 1b. Context Omission | 903 | 865 | 554 | 733 | 983 | 817 | 329 | 1348 | 6532 |
| 1c. Prompt Contradiction | 141 | 62 | 138 | 78 | 31 | 43 | 18 | 29 | 540 |
| 2a. Concept Fabrication | 353 | 179 | 227 | 585 | 161 | 246 | 215 | 433 | 2399 |
| 2b. Spurious Numeric | 341 | 429 | 395 | 259 | 235 | 206 | 123 | 1038 | 3026 |
| 2c. False Citation | 5 | 9 | 3 | 14 | 1 | 46 | 3 | 17 | 98 |
| 3a. Unsupported Leap | 1475 | 1609 | 1260 | 1374 | 1252 | 1621 | 670 | 1398 | 10659 |
| 3b. Self Contradiction | 262 | 132 | 265 | 151 | 50 | 115 | 15 | 59 | 1049 |
| 3c. Circular Reasoning | 1 | 2 | 1 | 2 | 0 | 0 | 0 | 4 | 10 |
| 4a. Syntax Error | 108 | 34 | 182 | 69 | 186 | 83 | 9 | 118 | 789 |
| 4b. Model Semantics Breach | 201 | 105 | 663 | 391 | 207 | 213 | 95 | 38 | 1913 |
| 4c. Visual Description Mismatch | 127 | 33 | 58 | 81 | 38 | 13 | 416 | 22 | 788 |
| **Total** | **4207** | **3576** | **4059** | **3889** | **3348** | **3511** | **1898** | **4552** | **29040** |
