# PM-LLM Benchmark Hallucination Analysis

Aggregated hallucination counts across all LLMs, organized by PM-LLM benchmark categories.

| Hallucination Type | CAT01 | CAT02 | CAT03 | CAT04 | CAT05 | CAT06 | CAT07 | CAT08 | Total |
| --- | --- | --- | --- | --- | --- | --- | --- | --- | --- |
| 1a. Instruction Override | 368 | 133 | 398 | 177 | 241 | 144 | 5 | 56 | 1522 |
| 1b. Context Omission | 1076 | 1001 | 655 | 856 | 1137 | 946 | 329 | 1571 | 7571 |
| 1c. Prompt Contradiction | 180 | 92 | 174 | 96 | 40 | 66 | 18 | 40 | 706 |
| 2a. Concept Fabrication | 428 | 238 | 292 | 685 | 206 | 312 | 217 | 552 | 2930 |
| 2b. Spurious Numeric | 444 | 563 | 469 | 308 | 273 | 254 | 124 | 1195 | 3630 |
| 2c. False Citation | 7 | 12 | 4 | 25 | 5 | 56 | 3 | 22 | 134 |
| 3a. Unsupported Leap | 1669 | 1863 | 1480 | 1599 | 1427 | 1823 | 674 | 1618 | 12153 |
| 3b. Self Contradiction | 324 | 174 | 337 | 189 | 67 | 156 | 15 | 80 | 1342 |
| 3c. Circular Reasoning | 2 | 2 | 3 | 2 | 1 | 0 | 0 | 5 | 15 |
| 4a. Syntax Error | 114 | 36 | 245 | 101 | 255 | 102 | 9 | 130 | 992 |
| 4b. Model Semantics Breach | 244 | 117 | 850 | 453 | 250 | 264 | 94 | 46 | 2318 |
| 4c. Visual Description Mismatch | 142 | 38 | 65 | 99 | 52 | 16 | 424 | 27 | 863 |
| **Total** | **4998** | **4269** | **4972** | **4590** | **3954** | **4139** | **1912** | **5342** | **34176** |
