# PM-LLM Benchmark Hallucination Analysis

Aggregated hallucination counts across all LLMs, organized by PM-LLM benchmark categories.

| Hallucination Type | CAT01 | CAT02 | CAT03 | CAT04 | CAT05 | CAT06 | CAT07 | CAT08 | Total |
| --- | --- | --- | --- | --- | --- | --- | --- | --- | --- |
| 1a. Instruction Override | 342 | 92 | 219 | 172 | 136 | 135 | 0 | 47 | 1143 |
| 1b. Context Omission | 1052 | 791 | 409 | 832 | 432 | 648 | 319 | 825 | 5308 |
| 1c. Prompt Contradiction | 188 | 100 | 151 | 122 | 33 | 49 | 10 | 9 | 662 |
| 2a. Concept Fabrication | 158 | 106 | 195 | 288 | 114 | 157 | 44 | 246 | 1308 |
| 2b. Spurious Numeric | 439 | 767 | 556 | 196 | 253 | 238 | 117 | 531 | 3097 |
| 2c. False Citation | 14 | 21 | 6 | 29 | 5 | 23 | 0 | 12 | 110 |
| 3a. Unsupported Leap | 1594 | 1528 | 2251 | 1814 | 1308 | 1246 | 426 | 1197 | 11364 |
| 3b. Self Contradiction | 346 | 258 | 387 | 223 | 73 | 165 | 27 | 46 | 1525 |
| 3c. Circular Reasoning | 12 | 11 | 7 | 1 | 6 | 6 | 0 | 14 | 57 |
| 4a. Syntax Error | 55 | 22 | 279 | 86 | 214 | 102 | 0 | 23 | 781 |
| 4b. Model Semantics Breach | 151 | 97 | 832 | 180 | 126 | 181 | 112 | 7 | 1686 |
| 4c. Visual Description Mismatch | 126 | 34 | 45 | 90 | 24 | 20 | 242 | 23 | 604 |
| **Total** | **4477** | **3827** | **5337** | **4033** | **2724** | **2970** | **1297** | **2980** | **27645** |
