# PM-LLM Benchmark Hallucination Analysis

Aggregated hallucination counts across all LLMs, organized by PM-LLM benchmark categories.

| Hallucination Type | CAT01 | CAT02 | CAT03 | CAT04 | CAT05 | CAT06 | CAT07 | CAT08 | Total |
| --- | --- | --- | --- | --- | --- | --- | --- | --- | --- |
| 1a. Instruction Override | 321 | 89 | 174 | 156 | 123 | 128 | 1 | 48 | 1040 |
| 1b. Context Omission | 989 | 742 | 306 | 819 | 386 | 615 | 355 | 894 | 5106 |
| 1c. Prompt Contradiction | 187 | 86 | 103 | 97 | 24 | 41 | 13 | 9 | 560 |
| 2a. Concept Fabrication | 96 | 50 | 125 | 220 | 50 | 120 | 56 | 231 | 948 |
| 2b. Spurious Numeric | 376 | 746 | 513 | 159 | 198 | 190 | 110 | 423 | 2715 |
| 2c. False Citation | 14 | 22 | 6 | 37 | 6 | 17 | 0 | 9 | 111 |
| 3a. Unsupported Leap | 1462 | 1426 | 2235 | 1772 | 1263 | 1145 | 456 | 1145 | 10904 |
| 3b. Self Contradiction | 330 | 196 | 330 | 193 | 61 | 136 | 26 | 33 | 1305 |
| 3c. Circular Reasoning | 10 | 4 | 8 | 1 | 3 | 2 | 0 | 16 | 44 |
| 4a. Syntax Error | 42 | 13 | 200 | 82 | 205 | 66 | 0 | 14 | 622 |
| 4b. Model Semantics Breach | 155 | 66 | 816 | 169 | 100 | 171 | 123 | 8 | 1608 |
| 4c. Visual Description Mismatch | 109 | 27 | 39 | 72 | 22 | 20 | 252 | 20 | 561 |
| **Total** | **4091** | **3467** | **4855** | **3777** | **2441** | **2651** | **1392** | **2850** | **25524** |
