# PM-LLM Benchmark Hallucination Analysis

Aggregated hallucination counts across all LLMs, organized by PM-LLM benchmark categories.

| Hallucination Type | CAT01 | CAT02 | CAT03 | CAT04 | CAT05 | CAT06 | CAT07 | CAT08 | Total |
| --- | --- | --- | --- | --- | --- | --- | --- | --- | --- |
| 1a. Instruction Override | 370 | 151 | 404 | 197 | 270 | 136 | 6 | 60 | 1594 |
| 1b. Context Omission | 1089 | 1052 | 688 | 881 | 1186 | 1004 | 397 | 1602 | 7899 |
| 1c. Prompt Contradiction | 186 | 90 | 166 | 94 | 48 | 57 | 23 | 33 | 697 |
| 2a. Concept Fabrication | 461 | 232 | 291 | 740 | 226 | 293 | 265 | 562 | 3070 |
| 2b. Spurious Numeric | 447 | 562 | 490 | 318 | 316 | 269 | 134 | 1352 | 3888 |
| 2c. False Citation | 7 | 15 | 4 | 15 | 1 | 56 | 3 | 20 | 121 |
| 3a. Unsupported Leap | 1872 | 2068 | 1584 | 1695 | 1579 | 2044 | 795 | 1770 | 13407 |
| 3b. Self Contradiction | 332 | 170 | 331 | 185 | 68 | 153 | 18 | 73 | 1330 |
| 3c. Circular Reasoning | 2 | 2 | 1 | 2 | 0 | 0 | 0 | 5 | 12 |
| 4a. Syntax Error | 141 | 46 | 234 | 98 | 254 | 101 | 11 | 155 | 1040 |
| 4b. Model Semantics Breach | 258 | 134 | 844 | 470 | 269 | 274 | 115 | 52 | 2416 |
| 4c. Visual Description Mismatch | 155 | 49 | 77 | 95 | 46 | 14 | 518 | 27 | 981 |
| **Total** | **5320** | **4571** | **5114** | **4790** | **4263** | **4401** | **2285** | **5711** | **36455** |
