# PM-LLM Benchmark Hallucination Analysis

Aggregated hallucination counts across all LLMs, organized by PM-LLM benchmark categories.

| Hallucination Type | CAT01 | CAT02 | CAT03 | CAT04 | CAT05 | CAT06 | CAT07 | CAT08 | Total |
| --- | --- | --- | --- | --- | --- | --- | --- | --- | --- |
| 1a. Instruction Override | 433 | 126 | 268 | 214 | 206 | 168 | 0 | 76 | 1491 |
| 1b. Context Omission | 1186 | 900 | 499 | 953 | 538 | 734 | 327 | 912 | 6049 |
| 1c. Prompt Contradiction | 222 | 121 | 189 | 151 | 46 | 66 | 10 | 18 | 823 |
| 2a. Concept Fabrication | 193 | 128 | 252 | 343 | 152 | 205 | 44 | 324 | 1641 |
| 2b. Spurious Numeric | 557 | 901 | 639 | 246 | 316 | 294 | 124 | 716 | 3793 |
| 2c. False Citation | 15 | 21 | 6 | 35 | 7 | 27 | 0 | 14 | 125 |
| 3a. Unsupported Leap | 1792 | 1731 | 2470 | 2073 | 1463 | 1445 | 438 | 1377 | 12789 |
| 3b. Self Contradiction | 396 | 318 | 458 | 264 | 93 | 205 | 27 | 64 | 1825 |
| 3c. Circular Reasoning | 14 | 12 | 7 | 2 | 7 | 7 | 0 | 18 | 67 |
| 4a. Syntax Error | 78 | 39 | 346 | 109 | 266 | 132 | 0 | 44 | 1014 |
| 4b. Model Semantics Breach | 177 | 121 | 968 | 230 | 156 | 213 | 112 | 17 | 1994 |
| 4c. Visual Description Mismatch | 158 | 48 | 72 | 118 | 26 | 30 | 253 | 35 | 740 |
| **Total** | **5221** | **4466** | **6174** | **4738** | **3276** | **3526** | **1335** | **3615** | **32351** |
