# PM-LLM Benchmark Hallucination Analysis

Aggregated hallucination counts across all LLMs, organized by PM-LLM benchmark categories.

| Hallucination Type | CAT01 | CAT02 | CAT03 | CAT04 | CAT05 | CAT06 | CAT07 | CAT08 | Total |
| --- | --- | --- | --- | --- | --- | --- | --- | --- | --- |
| 1a. Instruction Override | 440 | 127 | 271 | 216 | 211 | 169 | 0 | 76 | 1510 |
| 1b. Context Omission | 1196 | 913 | 505 | 971 | 546 | 744 | 327 | 915 | 6117 |
| 1c. Prompt Contradiction | 223 | 121 | 193 | 156 | 47 | 67 | 10 | 18 | 835 |
| 2a. Concept Fabrication | 194 | 130 | 256 | 353 | 152 | 207 | 44 | 324 | 1660 |
| 2b. Spurious Numeric | 563 | 910 | 646 | 249 | 321 | 298 | 124 | 724 | 3835 |
| 2c. False Citation | 15 | 21 | 6 | 36 | 7 | 27 | 0 | 14 | 126 |
| 3a. Unsupported Leap | 1808 | 1747 | 2485 | 2104 | 1484 | 1456 | 438 | 1388 | 12910 |
| 3b. Self Contradiction | 397 | 319 | 464 | 269 | 97 | 206 | 27 | 64 | 1843 |
| 3c. Circular Reasoning | 14 | 12 | 7 | 2 | 7 | 7 | 0 | 18 | 67 |
| 4a. Syntax Error | 79 | 39 | 348 | 112 | 270 | 133 | 0 | 46 | 1027 |
| 4b. Model Semantics Breach | 177 | 122 | 973 | 231 | 159 | 214 | 112 | 17 | 2005 |
| 4c. Visual Description Mismatch | 158 | 48 | 73 | 121 | 26 | 30 | 253 | 36 | 745 |
| **Total** | **5264** | **4509** | **6227** | **4820** | **3327** | **3558** | **1335** | **3640** | **32680** |
