# PM-LLM Benchmark Hallucination Analysis

Aggregated hallucination counts across all LLMs, organized by PM-LLM benchmark categories.

| Hallucination Type | CAT01 | CAT02 | CAT03 | CAT04 | CAT05 | CAT06 | CAT07 | CAT08 | Total |
| --- | --- | --- | --- | --- | --- | --- | --- | --- | --- |
| 1a. Instruction Override | 313 | 116 | 345 | 154 | 201 | 125 | 3 | 45 | 1302 |
| 1b. Context Omission | 961 | 878 | 572 | 745 | 982 | 831 | 282 | 1402 | 6653 |
| 1c. Prompt Contradiction | 155 | 84 | 150 | 86 | 33 | 60 | 15 | 34 | 617 |
| 2a. Concept Fabrication | 370 | 216 | 262 | 589 | 165 | 262 | 200 | 491 | 2555 |
| 2b. Spurious Numeric | 388 | 507 | 413 | 282 | 244 | 233 | 106 | 1051 | 3224 |
| 2c. False Citation | 3 | 12 | 4 | 24 | 5 | 47 | 3 | 21 | 119 |
| 3a. Unsupported Leap | 1477 | 1629 | 1303 | 1411 | 1243 | 1594 | 575 | 1416 | 10648 |
| 3b. Self Contradiction | 289 | 161 | 294 | 166 | 60 | 135 | 10 | 69 | 1184 |
| 3c. Circular Reasoning | 2 | 2 | 3 | 2 | 1 | 0 | 0 | 3 | 13 |
| 4a. Syntax Error | 99 | 34 | 213 | 93 | 234 | 91 | 7 | 102 | 873 |
| 4b. Model Semantics Breach | 218 | 104 | 746 | 389 | 221 | 230 | 73 | 39 | 2020 |
| 4c. Visual Description Mismatch | 125 | 35 | 61 | 86 | 44 | 16 | 357 | 24 | 748 |
| **Total** | **4400** | **3778** | **4366** | **4027** | **3433** | **3624** | **1631** | **4697** | **29956** |
