# PM-LLM Benchmark Hallucination Analysis

Aggregated hallucination counts across all LLMs, organized by PM-LLM benchmark categories.

| Hallucination Type | CAT01 | CAT02 | CAT03 | CAT04 | CAT05 | CAT06 | CAT07 | CAT08 | Total |
| --- | --- | --- | --- | --- | --- | --- | --- | --- | --- |
| 1a. Instruction Override | 364 | 97 | 234 | 181 | 148 | 146 | 0 | 54 | 1224 |
| 1b. Context Omission | 1073 | 813 | 432 | 857 | 451 | 665 | 321 | 832 | 5444 |
| 1c. Prompt Contradiction | 198 | 104 | 163 | 129 | 34 | 54 | 10 | 9 | 701 |
| 2a. Concept Fabrication | 161 | 110 | 212 | 302 | 116 | 170 | 44 | 255 | 1370 |
| 2b. Spurious Numeric | 457 | 790 | 570 | 209 | 263 | 248 | 117 | 569 | 3223 |
| 2c. False Citation | 14 | 21 | 6 | 29 | 5 | 25 | 0 | 12 | 112 |
| 3a. Unsupported Leap | 1635 | 1573 | 2301 | 1864 | 1340 | 1283 | 426 | 1242 | 11664 |
| 3b. Self Contradiction | 356 | 267 | 405 | 231 | 77 | 176 | 27 | 47 | 1586 |
| 3c. Circular Reasoning | 13 | 12 | 7 | 1 | 6 | 6 | 0 | 15 | 60 |
| 4a. Syntax Error | 59 | 27 | 297 | 91 | 228 | 109 | 0 | 29 | 840 |
| 4b. Model Semantics Breach | 155 | 102 | 863 | 193 | 136 | 191 | 112 | 9 | 1761 |
| 4c. Visual Description Mismatch | 137 | 39 | 52 | 100 | 25 | 24 | 243 | 26 | 646 |
| **Total** | **4622** | **3955** | **5542** | **4187** | **2829** | **3097** | **1300** | **3099** | **28631** |
