# PM-LLM Benchmark Hallucination Analysis

Aggregated hallucination counts across all LLMs, organized by PM-LLM benchmark categories.

| Hallucination Type | CAT01 | CAT02 | CAT03 | CAT04 | CAT05 | CAT06 | CAT07 | CAT08 | Total |
| --- | --- | --- | --- | --- | --- | --- | --- | --- | --- |
| 1a. Instruction Override | 370 | 134 | 399 | 177 | 241 | 144 | 5 | 57 | 1527 |
| 1b. Context Omission | 1083 | 1012 | 665 | 864 | 1145 | 958 | 331 | 1582 | 7640 |
| 1c. Prompt Contradiction | 181 | 92 | 175 | 97 | 41 | 66 | 18 | 40 | 710 |
| 2a. Concept Fabrication | 430 | 238 | 300 | 690 | 207 | 315 | 217 | 556 | 2953 |
| 2b. Spurious Numeric | 449 | 564 | 474 | 313 | 275 | 254 | 124 | 1202 | 3655 |
| 2c. False Citation | 7 | 12 | 4 | 25 | 5 | 56 | 3 | 22 | 134 |
| 3a. Unsupported Leap | 1689 | 1887 | 1500 | 1618 | 1449 | 1847 | 689 | 1632 | 12311 |
| 3b. Self Contradiction | 326 | 175 | 339 | 190 | 67 | 156 | 15 | 81 | 1349 |
| 3c. Circular Reasoning | 2 | 2 | 3 | 2 | 1 | 0 | 0 | 5 | 15 |
| 4a. Syntax Error | 117 | 37 | 248 | 101 | 257 | 102 | 9 | 132 | 1003 |
| 4b. Model Semantics Breach | 248 | 117 | 855 | 458 | 253 | 266 | 95 | 47 | 2339 |
| 4c. Visual Description Mismatch | 144 | 39 | 66 | 101 | 52 | 16 | 428 | 27 | 873 |
| **Total** | **5046** | **4309** | **5028** | **4636** | **3993** | **4180** | **1934** | **5383** | **34509** |
