# PM-LLM Benchmark Hallucination Analysis

Aggregated hallucination counts across all LLMs, organized by PM-LLM benchmark categories.

| Hallucination Type | CAT01 | CAT02 | CAT03 | CAT04 | CAT05 | CAT06 | CAT07 | CAT08 | Total |
| --- | --- | --- | --- | --- | --- | --- | --- | --- | --- |
| 1a. Instruction Override | 378 | 156 | 412 | 203 | 277 | 139 | 6 | 61 | 1632 |
| 1b. Context Omission | 1106 | 1073 | 694 | 892 | 1200 | 1019 | 398 | 1625 | 8007 |
| 1c. Prompt Contradiction | 191 | 91 | 166 | 95 | 48 | 58 | 23 | 33 | 705 |
| 2a. Concept Fabrication | 476 | 242 | 303 | 759 | 236 | 312 | 265 | 583 | 3176 |
| 2b. Spurious Numeric | 461 | 569 | 502 | 329 | 323 | 280 | 135 | 1378 | 3977 |
| 2c. False Citation | 7 | 15 | 4 | 15 | 1 | 58 | 3 | 20 | 123 |
| 3a. Unsupported Leap | 1933 | 2126 | 1625 | 1742 | 1620 | 2107 | 802 | 1812 | 13767 |
| 3b. Self Contradiction | 337 | 173 | 341 | 189 | 69 | 158 | 18 | 73 | 1358 |
| 3c. Circular Reasoning | 2 | 2 | 1 | 2 | 0 | 0 | 0 | 5 | 12 |
| 4a. Syntax Error | 145 | 48 | 236 | 100 | 258 | 104 | 11 | 159 | 1061 |
| 4b. Model Semantics Breach | 262 | 135 | 867 | 477 | 271 | 279 | 116 | 54 | 2461 |
| 4c. Visual Description Mismatch | 162 | 49 | 78 | 99 | 46 | 17 | 520 | 29 | 1000 |
| **Total** | **5460** | **4679** | **5229** | **4902** | **4349** | **4531** | **2297** | **5832** | **37279** |
