# PM-LLM Benchmark Hallucination Analysis

Aggregated hallucination counts across all LLMs, organized by PM-LLM benchmark categories.

| Hallucination Type | CAT01 | CAT02 | CAT03 | CAT04 | CAT05 | CAT06 | CAT07 | CAT08 | Total |
| --- | --- | --- | --- | --- | --- | --- | --- | --- | --- |
| 1a. Instruction Override | 294 | 118 | 315 | 154 | 206 | 109 | 5 | 48 | 1249 |
| 1b. Context Omission | 908 | 872 | 556 | 738 | 987 | 827 | 329 | 1362 | 6579 |
| 1c. Prompt Contradiction | 143 | 63 | 139 | 78 | 31 | 43 | 18 | 29 | 544 |
| 2a. Concept Fabrication | 354 | 179 | 231 | 592 | 161 | 246 | 215 | 435 | 2413 |
| 2b. Spurious Numeric | 343 | 432 | 396 | 260 | 238 | 210 | 123 | 1050 | 3052 |
| 2c. False Citation | 6 | 9 | 3 | 14 | 1 | 46 | 3 | 17 | 99 |
| 3a. Unsupported Leap | 1489 | 1621 | 1275 | 1387 | 1263 | 1638 | 670 | 1413 | 10756 |
| 3b. Self Contradiction | 264 | 135 | 268 | 152 | 50 | 115 | 15 | 60 | 1059 |
| 3c. Circular Reasoning | 1 | 2 | 1 | 2 | 0 | 0 | 0 | 4 | 10 |
| 4a. Syntax Error | 108 | 34 | 185 | 70 | 187 | 84 | 9 | 118 | 795 |
| 4b. Model Semantics Breach | 204 | 105 | 668 | 395 | 210 | 216 | 95 | 38 | 1931 |
| 4c. Visual Description Mismatch | 127 | 34 | 58 | 81 | 38 | 13 | 416 | 23 | 790 |
| **Total** | **4241** | **3604** | **4095** | **3923** | **3372** | **3547** | **1898** | **4597** | **29277** |
