# PM-LLM Benchmark Hallucination Analysis

Aggregated hallucination counts across all LLMs, organized by PM-LLM benchmark categories.

| Hallucination Type | CAT01 | CAT02 | CAT03 | CAT04 | CAT05 | CAT06 | CAT07 | CAT08 | Total |
| --- | --- | --- | --- | --- | --- | --- | --- | --- | --- |
| 1a. Instruction Override | 334 | 138 | 358 | 180 | 238 | 126 | 6 | 55 | 1435 |
| 1b. Context Omission | 1008 | 980 | 638 | 823 | 1092 | 942 | 377 | 1492 | 7352 |
| 1c. Prompt Contradiction | 163 | 78 | 152 | 84 | 40 | 51 | 22 | 32 | 622 |
| 2a. Concept Fabrication | 415 | 207 | 254 | 667 | 190 | 268 | 228 | 503 | 2732 |
| 2b. Spurious Numeric | 401 | 508 | 456 | 294 | 282 | 248 | 126 | 1216 | 3531 |
| 2c. False Citation | 6 | 12 | 4 | 15 | 1 | 51 | 3 | 18 | 110 |
| 3a. Unsupported Leap | 1699 | 1872 | 1454 | 1547 | 1437 | 1850 | 727 | 1621 | 12207 |
| 3b. Self Contradiction | 300 | 148 | 301 | 170 | 61 | 135 | 16 | 67 | 1198 |
| 3c. Circular Reasoning | 2 | 2 | 1 | 2 | 0 | 0 | 0 | 5 | 12 |
| 4a. Syntax Error | 120 | 43 | 209 | 87 | 216 | 92 | 11 | 140 | 918 |
| 4b. Model Semantics Breach | 240 | 118 | 772 | 446 | 248 | 246 | 102 | 44 | 2216 |
| 4c. Visual Description Mismatch | 145 | 41 | 69 | 88 | 39 | 14 | 461 | 25 | 882 |
| **Total** | **4833** | **4147** | **4668** | **4403** | **3844** | **4023** | **2079** | **5218** | **33215** |
