# PM-LLM Benchmark Hallucination Analysis

Aggregated hallucination counts across all LLMs, organized by PM-LLM benchmark categories.

| Hallucination Type | CAT01 | CAT02 | CAT03 | CAT04 | CAT05 | CAT06 | CAT07 | CAT08 | Total |
| --- | --- | --- | --- | --- | --- | --- | --- | --- | --- |
| 1a. Instruction Override | 306 | 108 | 330 | 150 | 193 | 126 | 3 | 44 | 1260 |
| 1b. Context Omission | 912 | 842 | 548 | 716 | 960 | 786 | 272 | 1342 | 6378 |
| 1c. Prompt Contradiction | 146 | 82 | 144 | 78 | 30 | 59 | 15 | 33 | 587 |
| 2a. Concept Fabrication | 360 | 211 | 256 | 577 | 166 | 261 | 201 | 488 | 2520 |
| 2b. Spurious Numeric | 370 | 495 | 404 | 278 | 231 | 229 | 107 | 1052 | 3166 |
| 2c. False Citation | 3 | 12 | 4 | 23 | 5 | 47 | 3 | 22 | 119 |
| 3a. Unsupported Leap | 1409 | 1580 | 1254 | 1343 | 1214 | 1537 | 544 | 1372 | 10253 |
| 3b. Self Contradiction | 278 | 158 | 292 | 165 | 60 | 132 | 10 | 69 | 1164 |
| 3c. Circular Reasoning | 1 | 2 | 3 | 2 | 1 | 0 | 0 | 3 | 12 |
| 4a. Syntax Error | 89 | 33 | 206 | 90 | 220 | 85 | 7 | 96 | 826 |
| 4b. Model Semantics Breach | 207 | 101 | 723 | 371 | 216 | 224 | 75 | 39 | 1956 |
| 4c. Visual Description Mismatch | 124 | 33 | 62 | 83 | 43 | 15 | 344 | 24 | 728 |
| **Total** | **4205** | **3657** | **4226** | **3876** | **3339** | **3501** | **1581** | **4584** | **28969** |
