# PM-LLM Benchmark Hallucination Analysis

Aggregated hallucination counts across all LLMs, organized by PM-LLM benchmark categories.

| Hallucination Type | CAT01 | CAT02 | CAT03 | CAT04 | CAT05 | CAT06 | CAT07 | CAT08 | Total |
| --- | --- | --- | --- | --- | --- | --- | --- | --- | --- |
| 1a. Instruction Override | 394 | 112 | 247 | 192 | 156 | 163 | 4 | 58 | 1326 |
| 1b. Context Omission | 1184 | 908 | 444 | 964 | 509 | 738 | 351 | 1001 | 6099 |
| 1c. Prompt Contradiction | 224 | 120 | 165 | 136 | 40 | 60 | 14 | 14 | 773 |
| 2a. Concept Fabrication | 177 | 117 | 226 | 304 | 114 | 180 | 76 | 316 | 1510 |
| 2b. Spurious Numeric | 518 | 915 | 623 | 212 | 274 | 258 | 124 | 573 | 3497 |
| 2c. False Citation | 14 | 25 | 7 | 39 | 6 | 25 | 2 | 14 | 132 |
| 3a. Unsupported Leap | 1817 | 1758 | 2608 | 2077 | 1538 | 1412 | 468 | 1388 | 13066 |
| 3b. Self Contradiction | 404 | 280 | 428 | 249 | 85 | 184 | 28 | 52 | 1710 |
| 3c. Circular Reasoning | 12 | 11 | 10 | 2 | 6 | 7 | 0 | 18 | 66 |
| 4a. Syntax Error | 64 | 23 | 319 | 108 | 272 | 113 | 0 | 24 | 923 |
| 4b. Model Semantics Breach | 186 | 100 | 992 | 194 | 137 | 216 | 130 | 8 | 1963 |
| 4c. Visual Description Mismatch | 138 | 36 | 49 | 98 | 24 | 28 | 284 | 24 | 681 |
| **Total** | **5132** | **4405** | **6118** | **4575** | **3161** | **3384** | **1481** | **3490** | **31746** |
