# PM-LLM Benchmark Hallucination Analysis

Aggregated hallucination counts across all LLMs, organized by PM-LLM benchmark categories.

| Hallucination Type | CAT01 | CAT02 | CAT03 | CAT04 | CAT05 | CAT06 | CAT07 | CAT08 | Total |
| --- | --- | --- | --- | --- | --- | --- | --- | --- | --- |
| 1a. Instruction Override | 364 | 99 | 208 | 171 | 137 | 145 | 4 | 55 | 1183 |
| 1b. Context Omission | 1087 | 839 | 380 | 903 | 454 | 678 | 351 | 949 | 5641 |
| 1c. Prompt Contradiction | 205 | 102 | 134 | 116 | 28 | 43 | 14 | 13 | 655 |
| 2a. Concept Fabrication | 136 | 75 | 175 | 256 | 72 | 133 | 74 | 254 | 1175 |
| 2b. Spurious Numeric | 449 | 812 | 577 | 187 | 237 | 227 | 122 | 488 | 3099 |
| 2c. False Citation | 14 | 24 | 6 | 37 | 6 | 21 | 2 | 11 | 121 |
| 3a. Unsupported Leap | 1653 | 1588 | 2452 | 1957 | 1422 | 1294 | 467 | 1272 | 12105 |
| 3b. Self Contradiction | 366 | 238 | 379 | 221 | 72 | 154 | 28 | 41 | 1499 |
| 3c. Circular Reasoning | 10 | 5 | 9 | 2 | 5 | 4 | 0 | 16 | 51 |
| 4a. Syntax Error | 48 | 19 | 258 | 88 | 231 | 87 | 0 | 19 | 750 |
| 4b. Model Semantics Breach | 174 | 82 | 909 | 186 | 117 | 194 | 130 | 8 | 1800 |
| 4c. Visual Description Mismatch | 127 | 32 | 45 | 84 | 24 | 25 | 281 | 19 | 637 |
| **Total** | **4633** | **3915** | **5532** | **4208** | **2805** | **3005** | **1473** | **3145** | **28716** |
