# PM-LLM Benchmark Hallucination Analysis

Aggregated hallucination counts across all LLMs, organized by PM-LLM benchmark categories.

| Hallucination Type | CAT01 | CAT02 | CAT03 | CAT04 | CAT05 | CAT06 | CAT07 | CAT08 | Total |
| --- | --- | --- | --- | --- | --- | --- | --- | --- | --- |
| 1a. Instruction Override | 373 | 98 | 238 | 186 | 156 | 148 | 0 | 55 | 1254 |
| 1b. Context Omission | 1088 | 829 | 442 | 870 | 471 | 676 | 321 | 844 | 5541 |
| 1c. Prompt Contradiction | 202 | 105 | 166 | 131 | 36 | 54 | 10 | 11 | 715 |
| 2a. Concept Fabrication | 164 | 112 | 222 | 313 | 120 | 175 | 44 | 271 | 1421 |
| 2b. Spurious Numeric | 468 | 804 | 578 | 211 | 270 | 259 | 117 | 596 | 3303 |
| 2c. False Citation | 14 | 21 | 6 | 34 | 5 | 25 | 0 | 13 | 118 |
| 3a. Unsupported Leap | 1653 | 1598 | 2323 | 1902 | 1364 | 1305 | 426 | 1262 | 11833 |
| 3b. Self Contradiction | 362 | 271 | 410 | 237 | 80 | 177 | 27 | 48 | 1612 |
| 3c. Circular Reasoning | 13 | 12 | 7 | 1 | 6 | 6 | 0 | 16 | 61 |
| 4a. Syntax Error | 60 | 27 | 312 | 94 | 240 | 111 | 0 | 31 | 875 |
| 4b. Model Semantics Breach | 160 | 103 | 882 | 198 | 142 | 193 | 112 | 10 | 1800 |
| 4c. Visual Description Mismatch | 138 | 39 | 53 | 103 | 27 | 26 | 243 | 26 | 655 |
| **Total** | **4695** | **4019** | **5639** | **4280** | **2917** | **3155** | **1300** | **3183** | **29188** |
