# PM-LLM Benchmark Hallucination Analysis

Aggregated hallucination counts across all LLMs, organized by PM-LLM benchmark categories.

| Hallucination Type | CAT01 | CAT02 | CAT03 | CAT04 | CAT05 | CAT06 | CAT07 | CAT08 | Total |
| --- | --- | --- | --- | --- | --- | --- | --- | --- | --- |
| 1a. Instruction Override | 379 | 156 | 415 | 205 | 278 | 139 | 6 | 62 | 1640 |
| 1b. Context Omission | 1112 | 1076 | 700 | 894 | 1202 | 1020 | 398 | 1631 | 8033 |
| 1c. Prompt Contradiction | 191 | 91 | 166 | 95 | 48 | 58 | 23 | 33 | 705 |
| 2a. Concept Fabrication | 476 | 242 | 303 | 762 | 236 | 312 | 265 | 583 | 3179 |
| 2b. Spurious Numeric | 463 | 572 | 504 | 329 | 324 | 281 | 135 | 1381 | 3989 |
| 2c. False Citation | 7 | 15 | 4 | 15 | 1 | 58 | 3 | 20 | 123 |
| 3a. Unsupported Leap | 1940 | 2134 | 1632 | 1747 | 1624 | 2117 | 802 | 1820 | 13816 |
| 3b. Self Contradiction | 337 | 173 | 341 | 190 | 70 | 159 | 18 | 73 | 1361 |
| 3c. Circular Reasoning | 2 | 2 | 1 | 2 | 0 | 0 | 0 | 5 | 12 |
| 4a. Syntax Error | 146 | 48 | 237 | 100 | 258 | 104 | 11 | 162 | 1066 |
| 4b. Model Semantics Breach | 262 | 135 | 869 | 477 | 273 | 280 | 116 | 54 | 2466 |
| 4c. Visual Description Mismatch | 163 | 49 | 78 | 101 | 46 | 17 | 520 | 29 | 1003 |
| **Total** | **5478** | **4693** | **5250** | **4917** | **4360** | **4545** | **2297** | **5853** | **37393** |
