# PM-LLM Benchmark Hallucination Analysis

Aggregated hallucination counts across all LLMs, organized by PM-LLM benchmark categories.

| Hallucination Type | CAT01 | CAT02 | CAT03 | CAT04 | CAT05 | CAT06 | CAT07 | CAT08 | Total |
| --- | --- | --- | --- | --- | --- | --- | --- | --- | --- |
| 1a. Instruction Override | 453 | 129 | 280 | 230 | 221 | 176 | 0 | 77 | 1566 |
| 1b. Context Omission | 1212 | 935 | 523 | 1010 | 563 | 769 | 328 | 938 | 6278 |
| 1c. Prompt Contradiction | 230 | 122 | 202 | 169 | 47 | 71 | 10 | 18 | 869 |
| 2a. Concept Fabrication | 204 | 134 | 263 | 367 | 156 | 214 | 44 | 329 | 1711 |
| 2b. Spurious Numeric | 591 | 946 | 683 | 271 | 348 | 317 | 126 | 774 | 4056 |
| 2c. False Citation | 15 | 22 | 7 | 36 | 7 | 29 | 0 | 14 | 130 |
| 3a. Unsupported Leap | 1857 | 1790 | 2557 | 2175 | 1528 | 1517 | 439 | 1431 | 13294 |
| 3b. Self Contradiction | 407 | 330 | 490 | 279 | 100 | 215 | 28 | 68 | 1917 |
| 3c. Circular Reasoning | 14 | 12 | 7 | 2 | 7 | 7 | 0 | 18 | 67 |
| 4a. Syntax Error | 83 | 41 | 358 | 118 | 274 | 141 | 0 | 57 | 1072 |
| 4b. Model Semantics Breach | 184 | 126 | 996 | 247 | 164 | 224 | 112 | 17 | 2070 |
| 4c. Visual Description Mismatch | 171 | 53 | 78 | 129 | 30 | 32 | 257 | 37 | 787 |
| **Total** | **5421** | **4640** | **6444** | **5033** | **3445** | **3712** | **1344** | **3778** | **33817** |
