# PM-LLM Benchmark Hallucination Analysis

Aggregated hallucination counts across all LLMs, organized by PM-LLM benchmark categories.

| Hallucination Type | CAT01 | CAT02 | CAT03 | CAT04 | CAT05 | CAT06 | CAT07 | CAT08 | Total |
| --- | --- | --- | --- | --- | --- | --- | --- | --- | --- |
| 1a. Instruction Override | 324 | 89 | 177 | 154 | 121 | 129 | 4 | 47 | 1045 |
| 1b. Context Omission | 980 | 736 | 305 | 812 | 383 | 614 | 351 | 890 | 5071 |
| 1c. Prompt Contradiction | 188 | 86 | 106 | 100 | 24 | 40 | 14 | 9 | 567 |
| 2a. Concept Fabrication | 106 | 52 | 133 | 234 | 52 | 116 | 74 | 233 | 1000 |
| 2b. Spurious Numeric | 386 | 760 | 515 | 165 | 200 | 198 | 115 | 438 | 2777 |
| 2c. False Citation | 14 | 23 | 6 | 37 | 6 | 20 | 2 | 10 | 118 |
| 3a. Unsupported Leap | 1465 | 1425 | 2248 | 1785 | 1264 | 1150 | 462 | 1144 | 10943 |
| 3b. Self Contradiction | 332 | 201 | 333 | 194 | 62 | 134 | 28 | 33 | 1317 |
| 3c. Circular Reasoning | 10 | 4 | 8 | 1 | 4 | 2 | 0 | 16 | 45 |
| 4a. Syntax Error | 43 | 15 | 203 | 81 | 213 | 67 | 0 | 14 | 636 |
| 4b. Model Semantics Breach | 160 | 67 | 814 | 175 | 101 | 174 | 130 | 8 | 1629 |
| 4c. Visual Description Mismatch | 111 | 28 | 39 | 72 | 22 | 20 | 275 | 18 | 585 |
| **Total** | **4119** | **3486** | **4887** | **3810** | **2452** | **2664** | **1455** | **2860** | **25733** |
