# PM-LLM Benchmark Hallucination Analysis

Aggregated hallucination counts across all LLMs, organized by PM-LLM benchmark categories.

| Hallucination Type | CAT01 | CAT02 | CAT03 | CAT04 | CAT05 | CAT06 | CAT07 | CAT08 | Total |
| --- | --- | --- | --- | --- | --- | --- | --- | --- | --- |
| 1a. Instruction Override | 328 | 93 | 181 | 157 | 123 | 129 | 4 | 48 | 1063 |
| 1b. Context Omission | 1001 | 750 | 312 | 829 | 393 | 620 | 364 | 904 | 5173 |
| 1c. Prompt Contradiction | 190 | 88 | 108 | 102 | 25 | 41 | 14 | 9 | 577 |
| 2a. Concept Fabrication | 106 | 52 | 134 | 232 | 52 | 121 | 74 | 234 | 1005 |
| 2b. Spurious Numeric | 389 | 776 | 525 | 165 | 203 | 196 | 115 | 441 | 2810 |
| 2c. False Citation | 14 | 23 | 6 | 37 | 6 | 20 | 2 | 9 | 117 |
| 3a. Unsupported Leap | 1488 | 1451 | 2285 | 1804 | 1278 | 1163 | 471 | 1162 | 11102 |
| 3b. Self Contradiction | 340 | 203 | 339 | 197 | 64 | 138 | 29 | 33 | 1343 |
| 3c. Circular Reasoning | 10 | 4 | 8 | 1 | 3 | 2 | 0 | 16 | 44 |
| 4a. Syntax Error | 43 | 13 | 204 | 82 | 213 | 66 | 0 | 14 | 635 |
| 4b. Model Semantics Breach | 160 | 68 | 837 | 173 | 101 | 177 | 132 | 8 | 1656 |
| 4c. Visual Description Mismatch | 112 | 28 | 39 | 72 | 22 | 20 | 277 | 20 | 590 |
| **Total** | **4181** | **3549** | **4978** | **3851** | **2483** | **2693** | **1482** | **2898** | **26115** |
