# PM-LLM Benchmark Hallucination Analysis

Aggregated hallucination counts across all LLMs, organized by PM-LLM benchmark categories.

| Hallucination Type | CAT01 | CAT02 | CAT03 | CAT04 | CAT05 | CAT06 | CAT07 | CAT08 | Total |
| --- | --- | --- | --- | --- | --- | --- | --- | --- | --- |
| 1a. Instruction Override | 368 | 133 | 398 | 177 | 241 | 144 | 5 | 56 | 1522 |
| 1b. Context Omission | 1077 | 1006 | 661 | 859 | 1141 | 949 | 329 | 1575 | 7597 |
| 1c. Prompt Contradiction | 181 | 92 | 175 | 97 | 40 | 66 | 18 | 40 | 709 |
| 2a. Concept Fabrication | 428 | 238 | 299 | 687 | 207 | 315 | 217 | 553 | 2944 |
| 2b. Spurious Numeric | 446 | 564 | 470 | 313 | 274 | 254 | 124 | 1200 | 3645 |
| 2c. False Citation | 7 | 12 | 4 | 25 | 5 | 56 | 3 | 22 | 134 |
| 3a. Unsupported Leap | 1675 | 1875 | 1492 | 1608 | 1440 | 1834 | 674 | 1623 | 12221 |
| 3b. Self Contradiction | 325 | 174 | 338 | 189 | 67 | 156 | 15 | 81 | 1345 |
| 3c. Circular Reasoning | 2 | 2 | 3 | 2 | 1 | 0 | 0 | 5 | 15 |
| 4a. Syntax Error | 114 | 36 | 245 | 101 | 256 | 102 | 9 | 130 | 993 |
| 4b. Model Semantics Breach | 245 | 117 | 851 | 456 | 251 | 265 | 94 | 47 | 2326 |
| 4c. Visual Description Mismatch | 144 | 39 | 66 | 100 | 52 | 16 | 424 | 27 | 868 |
| **Total** | **5012** | **4288** | **5002** | **4614** | **3975** | **4157** | **1912** | **5359** | **34319** |
