# PM-LLM Benchmark Hallucination Analysis

Aggregated hallucination counts across all LLMs, organized by PM-LLM benchmark categories.

| Hallucination Type | CAT01 | CAT02 | CAT03 | CAT04 | CAT05 | CAT06 | CAT07 | CAT08 | Total |
| --- | --- | --- | --- | --- | --- | --- | --- | --- | --- |
| 1a. Instruction Override | 330 | 137 | 354 | 180 | 238 | 126 | 6 | 55 | 1426 |
| 1b. Context Omission | 1002 | 974 | 631 | 818 | 1082 | 938 | 377 | 1490 | 7312 |
| 1c. Prompt Contradiction | 161 | 75 | 147 | 83 | 38 | 50 | 22 | 32 | 608 |
| 2a. Concept Fabrication | 409 | 204 | 249 | 663 | 181 | 266 | 228 | 488 | 2688 |
| 2b. Spurious Numeric | 397 | 505 | 448 | 286 | 279 | 247 | 126 | 1188 | 3476 |
| 2c. False Citation | 6 | 12 | 4 | 14 | 1 | 50 | 3 | 18 | 108 |
| 3a. Unsupported Leap | 1682 | 1851 | 1443 | 1533 | 1419 | 1827 | 727 | 1603 | 12085 |
| 3b. Self Contradiction | 295 | 146 | 296 | 168 | 60 | 132 | 16 | 66 | 1179 |
| 3c. Circular Reasoning | 2 | 2 | 1 | 2 | 0 | 0 | 0 | 5 | 12 |
| 4a. Syntax Error | 119 | 43 | 208 | 86 | 215 | 91 | 11 | 140 | 913 |
| 4b. Model Semantics Breach | 236 | 118 | 764 | 441 | 245 | 242 | 102 | 43 | 2191 |
| 4c. Visual Description Mismatch | 143 | 40 | 68 | 86 | 39 | 14 | 461 | 25 | 876 |
| **Total** | **4782** | **4107** | **4613** | **4360** | **3797** | **3983** | **2079** | **5153** | **32874** |
