# PM-LLM Benchmark Hallucination Analysis

Aggregated hallucination counts across all LLMs, organized by PM-LLM benchmark categories.

| Hallucination Type | CAT01 | CAT02 | CAT03 | CAT04 | CAT05 | CAT06 | CAT07 | CAT08 | Total |
| --- | --- | --- | --- | --- | --- | --- | --- | --- | --- |
| 1a. Instruction Override | 316 | 89 | 172 | 154 | 121 | 126 | 1 | 47 | 1026 |
| 1b. Context Omission | 979 | 739 | 303 | 812 | 384 | 612 | 355 | 882 | 5066 |
| 1c. Prompt Contradiction | 184 | 86 | 102 | 97 | 24 | 39 | 13 | 9 | 554 |
| 2a. Concept Fabrication | 95 | 48 | 123 | 217 | 49 | 119 | 56 | 227 | 934 |
| 2b. Spurious Numeric | 371 | 735 | 510 | 158 | 196 | 187 | 110 | 415 | 2682 |
| 2c. False Citation | 14 | 21 | 6 | 37 | 6 | 17 | 0 | 9 | 110 |
| 3a. Unsupported Leap | 1439 | 1412 | 2216 | 1765 | 1252 | 1134 | 456 | 1133 | 10807 |
| 3b. Self Contradiction | 324 | 193 | 323 | 192 | 61 | 133 | 26 | 33 | 1285 |
| 3c. Circular Reasoning | 8 | 4 | 8 | 1 | 3 | 2 | 0 | 16 | 42 |
| 4a. Syntax Error | 42 | 13 | 195 | 82 | 204 | 65 | 0 | 14 | 615 |
| 4b. Model Semantics Breach | 153 | 64 | 812 | 162 | 100 | 169 | 123 | 8 | 1591 |
| 4c. Visual Description Mismatch | 108 | 26 | 39 | 71 | 21 | 20 | 252 | 20 | 557 |
| **Total** | **4033** | **3430** | **4809** | **3748** | **2421** | **2623** | **1392** | **2813** | **25269** |
