# PM-LLM Benchmark Hallucination Analysis

Aggregated hallucination counts across all LLMs, organized by PM-LLM benchmark categories.

| Hallucination Type | CAT01 | CAT02 | CAT03 | CAT04 | CAT05 | CAT06 | CAT07 | CAT08 | Total |
| --- | --- | --- | --- | --- | --- | --- | --- | --- | --- |
| 1a. Instruction Override | 362 | 148 | 391 | 193 | 260 | 133 | 6 | 58 | 1551 |
| 1b. Context Omission | 1079 | 1034 | 679 | 871 | 1175 | 984 | 387 | 1578 | 7787 |
| 1c. Prompt Contradiction | 185 | 90 | 166 | 94 | 47 | 55 | 23 | 33 | 693 |
| 2a. Concept Fabrication | 455 | 219 | 281 | 726 | 219 | 285 | 253 | 552 | 2990 |
| 2b. Spurious Numeric | 440 | 557 | 482 | 316 | 304 | 261 | 133 | 1326 | 3819 |
| 2c. False Citation | 7 | 15 | 4 | 15 | 1 | 54 | 3 | 20 | 119 |
| 3a. Unsupported Leap | 1823 | 2016 | 1554 | 1663 | 1541 | 1991 | 781 | 1732 | 13101 |
| 3b. Self Contradiction | 326 | 168 | 326 | 184 | 66 | 148 | 18 | 72 | 1308 |
| 3c. Circular Reasoning | 2 | 2 | 1 | 2 | 0 | 0 | 0 | 5 | 12 |
| 4a. Syntax Error | 127 | 43 | 228 | 97 | 243 | 99 | 11 | 145 | 993 |
| 4b. Model Semantics Breach | 252 | 134 | 831 | 469 | 262 | 270 | 107 | 50 | 2375 |
| 4c. Visual Description Mismatch | 153 | 46 | 77 | 94 | 45 | 14 | 507 | 27 | 963 |
| **Total** | **5211** | **4472** | **5020** | **4724** | **4163** | **4294** | **2229** | **5598** | **35711** |
