# PM-LLM Benchmark Hallucination Analysis

Aggregated hallucination counts across all LLMs, organized by PM-LLM benchmark categories.

| Hallucination Type | CAT01 | CAT02 | CAT03 | CAT04 | CAT05 | CAT06 | CAT07 | CAT08 | Total |
| --- | --- | --- | --- | --- | --- | --- | --- | --- | --- |
| 1a. Instruction Override | 350 | 143 | 380 | 186 | 249 | 130 | 6 | 57 | 1501 |
| 1b. Context Omission | 1050 | 1017 | 659 | 855 | 1137 | 961 | 382 | 1546 | 7607 |
| 1c. Prompt Contradiction | 181 | 88 | 163 | 92 | 46 | 54 | 22 | 33 | 679 |
| 2a. Concept Fabrication | 440 | 217 | 276 | 697 | 210 | 281 | 251 | 531 | 2903 |
| 2b. Spurious Numeric | 431 | 548 | 473 | 311 | 295 | 256 | 129 | 1282 | 3725 |
| 2c. False Citation | 7 | 15 | 4 | 15 | 1 | 53 | 3 | 20 | 118 |
| 3a. Unsupported Leap | 1766 | 1952 | 1517 | 1620 | 1503 | 1932 | 756 | 1682 | 12728 |
| 3b. Self Contradiction | 322 | 163 | 319 | 180 | 65 | 147 | 17 | 71 | 1284 |
| 3c. Circular Reasoning | 2 | 2 | 1 | 2 | 0 | 0 | 0 | 5 | 12 |
| 4a. Syntax Error | 126 | 43 | 224 | 94 | 242 | 98 | 11 | 145 | 983 |
| 4b. Model Semantics Breach | 247 | 129 | 809 | 460 | 259 | 264 | 105 | 47 | 2320 |
| 4c. Visual Description Mismatch | 150 | 45 | 73 | 91 | 43 | 14 | 489 | 24 | 929 |
| **Total** | **5072** | **4362** | **4898** | **4603** | **4050** | **4190** | **2171** | **5443** | **34789** |
