# PM-LLM Benchmark Hallucination Analysis

Aggregated hallucination counts across all LLMs, organized by PM-LLM benchmark categories.

| Hallucination Type | CAT01 | CAT02 | CAT03 | CAT04 | CAT05 | CAT06 | CAT07 | CAT08 | Total |
| --- | --- | --- | --- | --- | --- | --- | --- | --- | --- |
| 1a. Instruction Override | 451 | 128 | 279 | 226 | 218 | 174 | 0 | 77 | 1553 |
| 1b. Context Omission | 1211 | 931 | 516 | 997 | 559 | 758 | 328 | 931 | 6231 |
| 1c. Prompt Contradiction | 229 | 122 | 201 | 166 | 47 | 69 | 10 | 18 | 862 |
| 2a. Concept Fabrication | 202 | 134 | 261 | 362 | 155 | 213 | 44 | 328 | 1699 |
| 2b. Spurious Numeric | 586 | 938 | 678 | 267 | 346 | 311 | 126 | 770 | 4022 |
| 2c. False Citation | 15 | 22 | 7 | 36 | 7 | 29 | 0 | 14 | 130 |
| 3a. Unsupported Leap | 1843 | 1785 | 2545 | 2163 | 1519 | 1500 | 439 | 1420 | 13214 |
| 3b. Self Contradiction | 406 | 329 | 487 | 276 | 100 | 214 | 28 | 68 | 1908 |
| 3c. Circular Reasoning | 14 | 12 | 7 | 2 | 7 | 7 | 0 | 18 | 67 |
| 4a. Syntax Error | 81 | 41 | 357 | 118 | 274 | 140 | 0 | 57 | 1068 |
| 4b. Model Semantics Breach | 184 | 126 | 991 | 245 | 163 | 223 | 112 | 17 | 2061 |
| 4c. Visual Description Mismatch | 168 | 53 | 78 | 127 | 29 | 32 | 257 | 37 | 781 |
| **Total** | **5390** | **4621** | **6407** | **4985** | **3424** | **3670** | **1344** | **3755** | **33596** |
