# PM-LLM Benchmark Hallucination Analysis

Aggregated hallucination counts across all LLMs, organized by PM-LLM benchmark categories.

| Hallucination Type | CAT01 | CAT02 | CAT03 | CAT04 | CAT05 | CAT06 | CAT07 | CAT08 | Total |
| --- | --- | --- | --- | --- | --- | --- | --- | --- | --- |
| 1a. Instruction Override | 329 | 119 | 357 | 163 | 216 | 128 | 4 | 48 | 1364 |
| 1b. Context Omission | 998 | 907 | 597 | 771 | 1027 | 866 | 291 | 1455 | 6912 |
| 1c. Prompt Contradiction | 163 | 85 | 155 | 89 | 36 | 63 | 16 | 36 | 643 |
| 2a. Concept Fabrication | 389 | 226 | 268 | 629 | 186 | 276 | 211 | 508 | 2693 |
| 2b. Spurious Numeric | 396 | 516 | 433 | 289 | 251 | 238 | 114 | 1075 | 3312 |
| 2c. False Citation | 3 | 12 | 4 | 25 | 5 | 48 | 3 | 21 | 121 |
| 3a. Unsupported Leap | 1526 | 1706 | 1349 | 1464 | 1300 | 1669 | 614 | 1478 | 11106 |
| 3b. Self Contradiction | 294 | 163 | 303 | 176 | 61 | 139 | 14 | 71 | 1221 |
| 3c. Circular Reasoning | 2 | 2 | 3 | 2 | 1 | 0 | 0 | 4 | 14 |
| 4a. Syntax Error | 100 | 34 | 221 | 98 | 236 | 94 | 8 | 108 | 899 |
| 4b. Model Semantics Breach | 222 | 111 | 768 | 411 | 233 | 239 | 81 | 40 | 2105 |
| 4c. Visual Description Mismatch | 130 | 36 | 63 | 91 | 45 | 16 | 397 | 26 | 804 |
| **Total** | **4552** | **3917** | **4521** | **4208** | **3597** | **3776** | **1753** | **4870** | **31194** |
