# PM-LLM Benchmark Hallucination Analysis

Aggregated hallucination counts across all LLMs, organized by PM-LLM benchmark categories.

| Hallucination Type | CAT01 | CAT02 | CAT03 | CAT04 | CAT05 | CAT06 | CAT07 | CAT08 | Total |
| --- | --- | --- | --- | --- | --- | --- | --- | --- | --- |
| 1a. Instruction Override | 404 | 115 | 255 | 196 | 159 | 168 | 4 | 64 | 1365 |
| 1b. Context Omission | 1208 | 926 | 456 | 976 | 518 | 748 | 351 | 1008 | 6191 |
| 1c. Prompt Contradiction | 228 | 122 | 169 | 137 | 41 | 60 | 14 | 14 | 785 |
| 2a. Concept Fabrication | 183 | 119 | 234 | 321 | 122 | 184 | 76 | 332 | 1571 |
| 2b. Spurious Numeric | 524 | 924 | 632 | 222 | 281 | 266 | 124 | 584 | 3557 |
| 2c. False Citation | 14 | 25 | 7 | 39 | 6 | 25 | 2 | 14 | 132 |
| 3a. Unsupported Leap | 1848 | 1786 | 2649 | 2104 | 1571 | 1437 | 468 | 1410 | 13273 |
| 3b. Self Contradiction | 411 | 286 | 438 | 255 | 89 | 187 | 28 | 54 | 1748 |
| 3c. Circular Reasoning | 12 | 11 | 10 | 2 | 6 | 7 | 0 | 19 | 67 |
| 4a. Syntax Error | 64 | 23 | 327 | 108 | 282 | 115 | 0 | 30 | 949 |
| 4b. Model Semantics Breach | 189 | 102 | 1007 | 195 | 141 | 218 | 130 | 8 | 1990 |
| 4c. Visual Description Mismatch | 141 | 39 | 49 | 100 | 24 | 29 | 284 | 24 | 690 |
| **Total** | **5226** | **4478** | **6233** | **4655** | **3240** | **3444** | **1481** | **3561** | **32318** |
