# PM-LLM Benchmark Hallucination Analysis

Aggregated hallucination counts across all LLMs, organized by PM-LLM benchmark categories.

| Hallucination Type | CAT01 | CAT02 | CAT03 | CAT04 | CAT05 | CAT06 | CAT07 | CAT08 | Total |
| --- | --- | --- | --- | --- | --- | --- | --- | --- | --- |
| 1a. Instruction Override | 370 | 100 | 217 | 173 | 141 | 147 | 4 | 55 | 1207 |
| 1b. Context Omission | 1100 | 844 | 391 | 915 | 467 | 684 | 351 | 955 | 5707 |
| 1c. Prompt Contradiction | 206 | 103 | 140 | 117 | 29 | 44 | 14 | 13 | 666 |
| 2a. Concept Fabrication | 141 | 79 | 180 | 259 | 76 | 138 | 74 | 262 | 1209 |
| 2b. Spurious Numeric | 461 | 820 | 583 | 189 | 242 | 229 | 123 | 504 | 3151 |
| 2c. False Citation | 14 | 24 | 6 | 37 | 6 | 21 | 2 | 11 | 121 |
| 3a. Unsupported Leap | 1681 | 1605 | 2481 | 1981 | 1445 | 1309 | 467 | 1291 | 12260 |
| 3b. Self Contradiction | 372 | 242 | 385 | 223 | 73 | 158 | 28 | 43 | 1524 |
| 3c. Circular Reasoning | 11 | 6 | 9 | 2 | 6 | 4 | 0 | 16 | 54 |
| 4a. Syntax Error | 50 | 19 | 264 | 89 | 237 | 93 | 0 | 19 | 771 |
| 4b. Model Semantics Breach | 175 | 83 | 919 | 186 | 119 | 196 | 130 | 8 | 1816 |
| 4c. Visual Description Mismatch | 130 | 32 | 46 | 84 | 24 | 26 | 281 | 20 | 643 |
| **Total** | **4711** | **3957** | **5621** | **4255** | **2865** | **3049** | **1474** | **3197** | **29129** |
