# PM-LLM Benchmark Hallucination Analysis

Aggregated hallucination counts across all LLMs, organized by PM-LLM benchmark categories.

| Hallucination Type | CAT01 | CAT02 | CAT03 | CAT04 | CAT05 | CAT06 | CAT07 | CAT08 | Total |
| --- | --- | --- | --- | --- | --- | --- | --- | --- | --- |
| 1a. Instruction Override | 353 | 100 | 219 | 173 | 138 | 141 | 3 | 51 | 1178 |
| 1b. Context Omission | 1067 | 799 | 413 | 842 | 437 | 654 | 325 | 840 | 5377 |
| 1c. Prompt Contradiction | 191 | 102 | 155 | 120 | 35 | 50 | 13 | 9 | 675 |
| 2a. Concept Fabrication | 160 | 101 | 200 | 291 | 113 | 155 | 52 | 246 | 1318 |
| 2b. Spurious Numeric | 432 | 773 | 567 | 191 | 246 | 239 | 116 | 523 | 3087 |
| 2c. False Citation | 14 | 22 | 6 | 31 | 5 | 24 | 2 | 12 | 116 |
| 3a. Unsupported Leap | 1611 | 1550 | 2280 | 1837 | 1334 | 1263 | 432 | 1206 | 11513 |
| 3b. Self Contradiction | 351 | 257 | 398 | 229 | 74 | 163 | 28 | 47 | 1547 |
| 3c. Circular Reasoning | 12 | 11 | 7 | 1 | 6 | 6 | 0 | 16 | 59 |
| 4a. Syntax Error | 55 | 20 | 288 | 88 | 220 | 103 | 0 | 23 | 797 |
| 4b. Model Semantics Breach | 154 | 93 | 846 | 180 | 122 | 185 | 117 | 7 | 1704 |
| 4c. Visual Description Mismatch | 128 | 33 | 44 | 90 | 24 | 20 | 259 | 21 | 619 |
| **Total** | **4528** | **3861** | **5423** | **4073** | **2754** | **3003** | **1347** | **3001** | **27990** |
