# PM-LLM Benchmark Hallucination Analysis

Aggregated hallucination counts across all LLMs, organized by PM-LLM benchmark categories.

| Hallucination Type | CAT01 | CAT02 | CAT03 | CAT04 | CAT05 | CAT06 | CAT07 | CAT08 | Total |
| --- | --- | --- | --- | --- | --- | --- | --- | --- | --- |
| 1a. Instruction Override | 465 | 129 | 289 | 237 | 225 | 179 | 0 | 78 | 1602 |
| 1b. Context Omission | 1232 | 951 | 533 | 1027 | 568 | 776 | 328 | 943 | 6358 |
| 1c. Prompt Contradiction | 237 | 127 | 207 | 173 | 48 | 77 | 10 | 20 | 899 |
| 2a. Concept Fabrication | 210 | 137 | 272 | 372 | 161 | 219 | 44 | 332 | 1747 |
| 2b. Spurious Numeric | 608 | 963 | 702 | 279 | 354 | 323 | 126 | 787 | 4142 |
| 2c. False Citation | 15 | 22 | 8 | 37 | 7 | 29 | 0 | 14 | 132 |
| 3a. Unsupported Leap | 1889 | 1809 | 2590 | 2198 | 1547 | 1533 | 439 | 1442 | 13447 |
| 3b. Self Contradiction | 413 | 338 | 502 | 285 | 105 | 220 | 28 | 69 | 1960 |
| 3c. Circular Reasoning | 15 | 14 | 7 | 2 | 7 | 7 | 0 | 18 | 70 |
| 4a. Syntax Error | 84 | 41 | 371 | 119 | 283 | 143 | 0 | 57 | 1098 |
| 4b. Model Semantics Breach | 191 | 127 | 1019 | 251 | 167 | 226 | 112 | 17 | 2110 |
| 4c. Visual Description Mismatch | 174 | 53 | 82 | 133 | 30 | 32 | 257 | 38 | 799 |
| **Total** | **5533** | **4711** | **6582** | **5113** | **3502** | **3764** | **1344** | **3815** | **34364** |
