# PM-LLM Benchmark Hallucination Analysis

Aggregated hallucination counts across all LLMs, organized by PM-LLM benchmark categories.

| Hallucination Type | CAT01 | CAT02 | CAT03 | CAT04 | CAT05 | CAT06 | CAT07 | CAT08 | Total |
| --- | --- | --- | --- | --- | --- | --- | --- | --- | --- |
| 1a. Instruction Override | 411 | 117 | 256 | 203 | 193 | 161 | 0 | 64 | 1405 |
| 1b. Context Omission | 1144 | 867 | 482 | 918 | 516 | 718 | 327 | 883 | 5855 |
| 1c. Prompt Contradiction | 214 | 113 | 177 | 144 | 43 | 63 | 10 | 14 | 778 |
| 2a. Concept Fabrication | 181 | 119 | 239 | 324 | 137 | 195 | 44 | 295 | 1534 |
| 2b. Spurious Numeric | 527 | 876 | 626 | 236 | 297 | 286 | 121 | 672 | 3641 |
| 2c. False Citation | 15 | 21 | 6 | 35 | 6 | 26 | 0 | 13 | 122 |
| 3a. Unsupported Leap | 1734 | 1693 | 2411 | 2008 | 1422 | 1400 | 438 | 1335 | 12441 |
| 3b. Self Contradiction | 385 | 303 | 441 | 252 | 88 | 195 | 27 | 56 | 1747 |
| 3c. Circular Reasoning | 13 | 12 | 7 | 2 | 7 | 7 | 0 | 17 | 65 |
| 4a. Syntax Error | 72 | 34 | 335 | 101 | 254 | 124 | 0 | 40 | 960 |
| 4b. Model Semantics Breach | 172 | 118 | 936 | 222 | 149 | 205 | 112 | 14 | 1928 |
| 4c. Visual Description Mismatch | 153 | 47 | 69 | 113 | 26 | 29 | 251 | 33 | 721 |
| **Total** | **5021** | **4320** | **5985** | **4558** | **3138** | **3409** | **1330** | **3436** | **31197** |
