# PM-LLM Benchmark Hallucination Analysis

Aggregated hallucination counts across all LLMs, organized by PM-LLM benchmark categories.

| Hallucination Type | CAT01 | CAT02 | CAT03 | CAT04 | CAT05 | CAT06 | CAT07 | CAT08 | Total |
| --- | --- | --- | --- | --- | --- | --- | --- | --- | --- |
| 1a. Instruction Override | 324 | 89 | 180 | 157 | 123 | 130 | 4 | 47 | 1054 |
| 1b. Context Omission | 984 | 743 | 310 | 819 | 389 | 617 | 351 | 888 | 5101 |
| 1c. Prompt Contradiction | 188 | 87 | 108 | 102 | 24 | 41 | 14 | 10 | 574 |
| 2a. Concept Fabrication | 109 | 51 | 135 | 237 | 52 | 116 | 74 | 233 | 1007 |
| 2b. Spurious Numeric | 391 | 761 | 526 | 165 | 203 | 201 | 115 | 441 | 2803 |
| 2c. False Citation | 14 | 24 | 6 | 37 | 6 | 20 | 2 | 10 | 119 |
| 3a. Unsupported Leap | 1472 | 1436 | 2260 | 1798 | 1276 | 1160 | 462 | 1157 | 11021 |
| 3b. Self Contradiction | 332 | 202 | 333 | 196 | 62 | 134 | 28 | 33 | 1320 |
| 3c. Circular Reasoning | 9 | 4 | 8 | 1 | 4 | 2 | 0 | 16 | 44 |
| 4a. Syntax Error | 44 | 16 | 203 | 81 | 213 | 68 | 0 | 16 | 641 |
| 4b. Model Semantics Breach | 161 | 68 | 820 | 172 | 105 | 173 | 130 | 8 | 1637 |
| 4c. Visual Description Mismatch | 113 | 29 | 39 | 72 | 22 | 20 | 277 | 18 | 590 |
| **Total** | **4141** | **3510** | **4928** | **3837** | **2479** | **2682** | **1457** | **2877** | **25911** |
