# PM-LLM Benchmark Hallucination Analysis

Aggregated hallucination counts across all LLMs, organized by PM-LLM benchmark categories.

| Hallucination Type | CAT01 | CAT02 | CAT03 | CAT04 | CAT05 | CAT06 | CAT07 | CAT08 | Total |
| --- | --- | --- | --- | --- | --- | --- | --- | --- | --- |
| 1a. Instruction Override | 323 | 91 | 172 | 155 | 125 | 126 | 1 | 47 | 1040 |
| 1b. Context Omission | 990 | 744 | 309 | 826 | 388 | 615 | 355 | 878 | 5105 |
| 1c. Prompt Contradiction | 183 | 87 | 102 | 99 | 23 | 39 | 13 | 9 | 555 |
| 2a. Concept Fabrication | 96 | 49 | 119 | 215 | 48 | 121 | 56 | 226 | 930 |
| 2b. Spurious Numeric | 369 | 740 | 526 | 165 | 194 | 187 | 110 | 419 | 2710 |
| 2c. False Citation | 14 | 21 | 6 | 37 | 6 | 17 | 0 | 9 | 110 |
| 3a. Unsupported Leap | 1442 | 1415 | 2225 | 1788 | 1280 | 1138 | 456 | 1134 | 10878 |
| 3b. Self Contradiction | 326 | 195 | 323 | 196 | 61 | 132 | 26 | 33 | 1292 |
| 3c. Circular Reasoning | 8 | 4 | 8 | 1 | 3 | 2 | 0 | 16 | 42 |
| 4a. Syntax Error | 42 | 14 | 196 | 82 | 206 | 66 | 0 | 14 | 620 |
| 4b. Model Semantics Breach | 154 | 64 | 816 | 168 | 103 | 174 | 123 | 8 | 1610 |
| 4c. Visual Description Mismatch | 108 | 26 | 39 | 71 | 21 | 20 | 252 | 20 | 557 |
| **Total** | **4055** | **3450** | **4841** | **3803** | **2458** | **2637** | **1392** | **2813** | **25449** |
