# PM-LLM Benchmark Hallucination Analysis

Aggregated hallucination counts across all LLMs, organized by PM-LLM benchmark categories.

| Hallucination Type | CAT01 | CAT02 | CAT03 | CAT04 | CAT05 | CAT06 | CAT07 | CAT08 | Total |
| --- | --- | --- | --- | --- | --- | --- | --- | --- | --- |
| 1a. Instruction Override | 356 | 101 | 220 | 177 | 143 | 144 | 3 | 50 | 1194 |
| 1b. Context Omission | 1096 | 816 | 414 | 868 | 446 | 661 | 336 | 864 | 5501 |
| 1c. Prompt Contradiction | 200 | 110 | 158 | 125 | 36 | 50 | 13 | 10 | 702 |
| 2a. Concept Fabrication | 163 | 104 | 205 | 290 | 114 | 156 | 56 | 252 | 1340 |
| 2b. Spurious Numeric | 441 | 801 | 575 | 192 | 252 | 238 | 120 | 524 | 3143 |
| 2c. False Citation | 14 | 23 | 6 | 31 | 5 | 24 | 2 | 12 | 117 |
| 3a. Unsupported Leap | 1643 | 1588 | 2334 | 1858 | 1381 | 1293 | 443 | 1242 | 11782 |
| 3b. Self Contradiction | 362 | 263 | 402 | 226 | 78 | 164 | 27 | 46 | 1568 |
| 3c. Circular Reasoning | 12 | 11 | 7 | 1 | 6 | 6 | 0 | 16 | 59 |
| 4a. Syntax Error | 54 | 20 | 288 | 89 | 223 | 104 | 0 | 22 | 800 |
| 4b. Model Semantics Breach | 164 | 91 | 888 | 178 | 125 | 194 | 120 | 7 | 1767 |
| 4c. Visual Description Mismatch | 130 | 33 | 45 | 93 | 24 | 21 | 264 | 21 | 631 |
| **Total** | **4635** | **3961** | **5542** | **4128** | **2833** | **3055** | **1384** | **3066** | **28604** |
