# PM-LLM Benchmark Hallucination Analysis

Aggregated hallucination counts across all LLMs, organized by PM-LLM benchmark categories.

| Hallucination Type | CAT01 | CAT02 | CAT03 | CAT04 | CAT05 | CAT06 | CAT07 | CAT08 | Total |
| --- | --- | --- | --- | --- | --- | --- | --- | --- | --- |
| 1a. Instruction Override | 295 | 120 | 319 | 156 | 209 | 111 | 5 | 48 | 1263 |
| 1b. Context Omission | 919 | 884 | 563 | 744 | 1001 | 841 | 329 | 1372 | 6653 |
| 1c. Prompt Contradiction | 144 | 63 | 139 | 78 | 32 | 44 | 18 | 29 | 547 |
| 2a. Concept Fabrication | 355 | 179 | 233 | 600 | 161 | 247 | 215 | 440 | 2430 |
| 2b. Spurious Numeric | 347 | 435 | 402 | 263 | 243 | 213 | 123 | 1065 | 3091 |
| 2c. False Citation | 6 | 9 | 3 | 14 | 1 | 46 | 3 | 17 | 99 |
| 3a. Unsupported Leap | 1505 | 1641 | 1296 | 1400 | 1278 | 1657 | 670 | 1437 | 10884 |
| 3b. Self Contradiction | 268 | 135 | 268 | 153 | 50 | 115 | 15 | 61 | 1065 |
| 3c. Circular Reasoning | 1 | 2 | 1 | 2 | 0 | 0 | 0 | 4 | 10 |
| 4a. Syntax Error | 109 | 35 | 188 | 73 | 187 | 84 | 9 | 122 | 807 |
| 4b. Model Semantics Breach | 206 | 105 | 675 | 400 | 211 | 220 | 95 | 39 | 1951 |
| 4c. Visual Description Mismatch | 127 | 35 | 59 | 82 | 38 | 13 | 416 | 23 | 793 |
| **Total** | **4282** | **3643** | **4146** | **3965** | **3411** | **3591** | **1898** | **4657** | **29593** |
