# PM-LLM Benchmark Hallucination Analysis

Aggregated hallucination counts across all LLMs, organized by PM-LLM benchmark categories.

| Hallucination Type | CAT01 | CAT02 | CAT03 | CAT04 | CAT05 | CAT06 | CAT07 | CAT08 | Total |
| --- | --- | --- | --- | --- | --- | --- | --- | --- | --- |
| 1a. Instruction Override | 452 | 129 | 280 | 228 | 220 | 175 | 0 | 77 | 1561 |
| 1b. Context Omission | 1212 | 933 | 521 | 1004 | 561 | 765 | 328 | 936 | 6260 |
| 1c. Prompt Contradiction | 230 | 122 | 201 | 168 | 47 | 70 | 10 | 18 | 866 |
| 2a. Concept Fabrication | 202 | 134 | 263 | 366 | 156 | 214 | 44 | 329 | 1708 |
| 2b. Spurious Numeric | 589 | 944 | 681 | 270 | 346 | 316 | 126 | 774 | 4046 |
| 2c. False Citation | 15 | 22 | 7 | 36 | 7 | 29 | 0 | 14 | 130 |
| 3a. Unsupported Leap | 1851 | 1788 | 2550 | 2167 | 1526 | 1512 | 439 | 1425 | 13258 |
| 3b. Self Contradiction | 407 | 330 | 488 | 277 | 100 | 215 | 28 | 68 | 1913 |
| 3c. Circular Reasoning | 14 | 12 | 7 | 2 | 7 | 7 | 0 | 18 | 67 |
| 4a. Syntax Error | 82 | 41 | 358 | 118 | 274 | 140 | 0 | 57 | 1070 |
| 4b. Model Semantics Breach | 184 | 126 | 993 | 246 | 163 | 224 | 112 | 17 | 2065 |
| 4c. Visual Description Mismatch | 171 | 53 | 78 | 128 | 30 | 32 | 257 | 37 | 786 |
| **Total** | **5409** | **4634** | **6427** | **5010** | **3437** | **3699** | **1344** | **3770** | **33730** |
