# PM-LLM Benchmark Hallucination Analysis

Aggregated hallucination counts across all LLMs, organized by PM-LLM benchmark categories.

| Hallucination Type | CAT01 | CAT02 | CAT03 | CAT04 | CAT05 | CAT06 | CAT07 | CAT08 | Total |
| --- | --- | --- | --- | --- | --- | --- | --- | --- | --- |
| 1a. Instruction Override | 438 | 126 | 271 | 216 | 210 | 169 | 0 | 76 | 1506 |
| 1b. Context Omission | 1195 | 909 | 505 | 967 | 544 | 741 | 327 | 915 | 6103 |
| 1c. Prompt Contradiction | 223 | 121 | 193 | 154 | 47 | 67 | 10 | 18 | 833 |
| 2a. Concept Fabrication | 194 | 130 | 256 | 348 | 152 | 207 | 44 | 324 | 1655 |
| 2b. Spurious Numeric | 561 | 906 | 646 | 249 | 318 | 296 | 124 | 723 | 3823 |
| 2c. False Citation | 15 | 21 | 6 | 36 | 7 | 27 | 0 | 14 | 126 |
| 3a. Unsupported Leap | 1803 | 1740 | 2485 | 2091 | 1475 | 1453 | 438 | 1383 | 12868 |
| 3b. Self Contradiction | 397 | 318 | 464 | 267 | 96 | 205 | 27 | 64 | 1838 |
| 3c. Circular Reasoning | 14 | 12 | 7 | 2 | 7 | 7 | 0 | 18 | 67 |
| 4a. Syntax Error | 78 | 39 | 348 | 111 | 269 | 132 | 0 | 46 | 1023 |
| 4b. Model Semantics Breach | 177 | 122 | 973 | 231 | 158 | 214 | 112 | 17 | 2004 |
| 4c. Visual Description Mismatch | 158 | 48 | 73 | 119 | 26 | 30 | 253 | 36 | 743 |
| **Total** | **5253** | **4492** | **6227** | **4791** | **3309** | **3548** | **1335** | **3634** | **32589** |
