# PM-LLM Benchmark Hallucination Analysis

Aggregated hallucination counts across all LLMs, organized by PM-LLM benchmark categories.

| Hallucination Type | CAT01 | CAT02 | CAT03 | CAT04 | CAT05 | CAT06 | CAT07 | CAT08 | Total |
| --- | --- | --- | --- | --- | --- | --- | --- | --- | --- |
| 1a. Instruction Override | 414 | 118 | 257 | 204 | 194 | 162 | 0 | 64 | 1413 |
| 1b. Context Omission | 1147 | 872 | 484 | 921 | 518 | 720 | 327 | 890 | 5879 |
| 1c. Prompt Contradiction | 216 | 114 | 179 | 144 | 43 | 63 | 10 | 14 | 783 |
| 2a. Concept Fabrication | 184 | 120 | 239 | 324 | 137 | 198 | 44 | 295 | 1541 |
| 2b. Spurious Numeric | 529 | 878 | 629 | 238 | 299 | 286 | 123 | 678 | 3660 |
| 2c. False Citation | 15 | 21 | 6 | 35 | 6 | 26 | 0 | 13 | 122 |
| 3a. Unsupported Leap | 1747 | 1698 | 2422 | 2018 | 1425 | 1409 | 438 | 1340 | 12497 |
| 3b. Self Contradiction | 387 | 305 | 443 | 253 | 88 | 197 | 27 | 56 | 1756 |
| 3c. Circular Reasoning | 13 | 12 | 7 | 2 | 7 | 7 | 0 | 17 | 65 |
| 4a. Syntax Error | 73 | 36 | 336 | 101 | 256 | 125 | 0 | 41 | 968 |
| 4b. Model Semantics Breach | 173 | 118 | 939 | 222 | 149 | 206 | 112 | 14 | 1933 |
| 4c. Visual Description Mismatch | 154 | 47 | 69 | 113 | 26 | 29 | 251 | 33 | 722 |
| **Total** | **5052** | **4339** | **6010** | **4575** | **3148** | **3428** | **1332** | **3455** | **31339** |
