# PM-LLM Benchmark Hallucination Analysis

Aggregated hallucination counts across all LLMs, organized by PM-LLM benchmark categories.

| Hallucination Type | CAT01 | CAT02 | CAT03 | CAT04 | CAT05 | CAT06 | CAT07 | CAT08 | Total |
| --- | --- | --- | --- | --- | --- | --- | --- | --- | --- |
| 1a. Instruction Override | 345 | 93 | 221 | 172 | 136 | 135 | 0 | 48 | 1150 |
| 1b. Context Omission | 1054 | 791 | 410 | 835 | 433 | 651 | 317 | 826 | 5317 |
| 1c. Prompt Contradiction | 188 | 99 | 152 | 124 | 33 | 49 | 10 | 9 | 664 |
| 2a. Concept Fabrication | 156 | 101 | 197 | 289 | 114 | 152 | 44 | 247 | 1300 |
| 2b. Spurious Numeric | 440 | 765 | 560 | 201 | 244 | 238 | 117 | 531 | 3096 |
| 2c. False Citation | 14 | 22 | 6 | 29 | 5 | 23 | 0 | 12 | 111 |
| 3a. Unsupported Leap | 1590 | 1524 | 2256 | 1817 | 1298 | 1253 | 422 | 1200 | 11360 |
| 3b. Self Contradiction | 349 | 254 | 389 | 224 | 74 | 168 | 26 | 46 | 1530 |
| 3c. Circular Reasoning | 12 | 12 | 7 | 1 | 6 | 6 | 0 | 14 | 58 |
| 4a. Syntax Error | 56 | 21 | 279 | 86 | 214 | 101 | 0 | 23 | 780 |
| 4b. Model Semantics Breach | 150 | 92 | 835 | 182 | 123 | 178 | 112 | 7 | 1679 |
| 4c. Visual Description Mismatch | 126 | 33 | 44 | 89 | 24 | 20 | 239 | 24 | 599 |
| **Total** | **4480** | **3807** | **5356** | **4049** | **2704** | **2974** | **1287** | **2987** | **27644** |
