# PM-LLM Benchmark Hallucination Analysis

Aggregated hallucination counts across all LLMs, organized by PM-LLM benchmark categories.

| Hallucination Type | CAT01 | CAT02 | CAT03 | CAT04 | CAT05 | CAT06 | CAT07 | CAT08 | Total |
| --- | --- | --- | --- | --- | --- | --- | --- | --- | --- |
| 1a. Instruction Override | 376 | 102 | 220 | 177 | 142 | 151 | 4 | 55 | 1227 |
| 1b. Context Omission | 1111 | 857 | 401 | 923 | 482 | 697 | 351 | 963 | 5785 |
| 1c. Prompt Contradiction | 207 | 104 | 143 | 121 | 29 | 44 | 14 | 13 | 675 |
| 2a. Concept Fabrication | 146 | 82 | 183 | 265 | 81 | 141 | 76 | 271 | 1245 |
| 2b. Spurious Numeric | 477 | 855 | 607 | 202 | 256 | 232 | 124 | 535 | 3288 |
| 2c. False Citation | 13 | 25 | 6 | 37 | 6 | 22 | 2 | 10 | 121 |
| 3a. Unsupported Leap | 1721 | 1642 | 2516 | 2006 | 1480 | 1338 | 468 | 1309 | 12480 |
| 3b. Self Contradiction | 381 | 247 | 391 | 233 | 75 | 160 | 28 | 44 | 1559 |
| 3c. Circular Reasoning | 11 | 6 | 9 | 2 | 5 | 4 | 0 | 16 | 53 |
| 4a. Syntax Error | 51 | 17 | 268 | 91 | 239 | 94 | 0 | 20 | 780 |
| 4b. Model Semantics Breach | 176 | 87 | 929 | 184 | 123 | 197 | 130 | 8 | 1834 |
| 4c. Visual Description Mismatch | 131 | 32 | 48 | 90 | 24 | 26 | 284 | 20 | 655 |
| **Total** | **4801** | **4056** | **5721** | **4331** | **2942** | **3106** | **1481** | **3264** | **29702** |
