# PM-LLM Benchmark Hallucination Analysis

Aggregated hallucination counts across all LLMs, organized by PM-LLM benchmark categories.

| Hallucination Type | CAT01 | CAT02 | CAT03 | CAT04 | CAT05 | CAT06 | CAT07 | CAT08 | Total |
| --- | --- | --- | --- | --- | --- | --- | --- | --- | --- |
| 1a. Instruction Override | 338 | 91 | 186 | 159 | 127 | 131 | 4 | 47 | 1083 |
| 1b. Context Omission | 1011 | 767 | 331 | 845 | 412 | 634 | 351 | 905 | 5256 |
| 1c. Prompt Contradiction | 192 | 90 | 113 | 105 | 24 | 41 | 14 | 10 | 589 |
| 2a. Concept Fabrication | 112 | 54 | 143 | 240 | 58 | 118 | 74 | 236 | 1035 |
| 2b. Spurious Numeric | 401 | 773 | 543 | 170 | 216 | 207 | 121 | 451 | 2882 |
| 2c. False Citation | 14 | 24 | 6 | 37 | 6 | 20 | 2 | 10 | 119 |
| 3a. Unsupported Leap | 1521 | 1469 | 2316 | 1835 | 1319 | 1191 | 467 | 1188 | 11306 |
| 3b. Self Contradiction | 340 | 210 | 344 | 204 | 64 | 137 | 28 | 35 | 1362 |
| 3c. Circular Reasoning | 9 | 5 | 8 | 1 | 4 | 3 | 0 | 16 | 46 |
| 4a. Syntax Error | 44 | 16 | 211 | 82 | 216 | 69 | 0 | 17 | 655 |
| 4b. Model Semantics Breach | 165 | 72 | 841 | 175 | 108 | 176 | 130 | 8 | 1675 |
| 4c. Visual Description Mismatch | 116 | 29 | 41 | 74 | 22 | 22 | 279 | 18 | 601 |
| **Total** | **4263** | **3600** | **5083** | **3927** | **2576** | **2749** | **1470** | **2941** | **26609** |
