# PM-LLM Benchmark Hallucination Analysis

Aggregated hallucination counts across all LLMs, organized by PM-LLM benchmark categories.

| Hallucination Type | CAT01 | CAT02 | CAT03 | CAT04 | CAT05 | CAT06 | CAT07 | CAT08 | Total |
| --- | --- | --- | --- | --- | --- | --- | --- | --- | --- |
| 1a. Instruction Override | 232 | 51 | 142 | 111 | 124 | 89 | 0 | 46 | 795 |
| 1b. Context Omission | 467 | 371 | 240 | 426 | 247 | 324 | 132 | 371 | 2578 |
| 1c. Prompt Contradiction | 97 | 46 | 105 | 95 | 20 | 30 | 3 | 12 | 408 |
| 2a. Concept Fabrication | 107 | 51 | 125 | 150 | 54 | 100 | 18 | 141 | 746 |
| 2b. Spurious Numeric | 316 | 374 | 291 | 135 | 179 | 152 | 54 | 422 | 1923 |
| 2c. False Citation | 4 | 3 | 1 | 15 | 0 | 15 | 0 | 2 | 40 |
| 3a. Unsupported Leap | 794 | 715 | 1048 | 930 | 621 | 658 | 179 | 652 | 5597 |
| 3b. Self Contradiction | 174 | 150 | 236 | 130 | 45 | 92 | 9 | 26 | 862 |
| 3c. Circular Reasoning | 6 | 1 | 2 | 1 | 2 | 2 | 0 | 5 | 19 |
| 4a. Syntax Error | 39 | 18 | 146 | 55 | 124 | 71 | 0 | 29 | 482 |
| 4b. Model Semantics Breach | 85 | 53 | 445 | 111 | 69 | 102 | 43 | 6 | 914 |
| 4c. Visual Description Mismatch | 88 | 27 | 38 | 63 | 17 | 20 | 97 | 19 | 369 |
| **Total** | **2409** | **1860** | **2819** | **2222** | **1502** | **1655** | **535** | **1731** | **14733** |
