# PM-LLM Benchmark Hallucination Analysis

Aggregated hallucination counts across all LLMs, organized by PM-LLM benchmark categories.

| Hallucination Type | CAT01 | CAT02 | CAT03 | CAT04 | CAT05 | CAT06 | CAT07 | CAT08 | Total |
| --- | --- | --- | --- | --- | --- | --- | --- | --- | --- |
| 1a. Instruction Override | 340 | 92 | 217 | 170 | 136 | 134 | 0 | 47 | 1136 |
| 1b. Context Omission | 1049 | 785 | 405 | 829 | 429 | 642 | 317 | 822 | 5278 |
| 1c. Prompt Contradiction | 186 | 98 | 151 | 120 | 33 | 49 | 10 | 9 | 656 |
| 2a. Concept Fabrication | 154 | 101 | 194 | 287 | 114 | 152 | 44 | 242 | 1288 |
| 2b. Spurious Numeric | 427 | 754 | 552 | 191 | 242 | 230 | 116 | 509 | 3021 |
| 2c. False Citation | 14 | 21 | 6 | 28 | 5 | 23 | 0 | 12 | 109 |
| 3a. Unsupported Leap | 1577 | 1508 | 2232 | 1804 | 1289 | 1233 | 422 | 1183 | 11248 |
| 3b. Self Contradiction | 343 | 251 | 385 | 220 | 73 | 165 | 26 | 46 | 1509 |
| 3c. Circular Reasoning | 12 | 11 | 7 | 1 | 6 | 6 | 0 | 14 | 57 |
| 4a. Syntax Error | 55 | 20 | 276 | 86 | 211 | 101 | 0 | 22 | 771 |
| 4b. Model Semantics Breach | 148 | 91 | 827 | 178 | 122 | 178 | 112 | 7 | 1663 |
| 4c. Visual Description Mismatch | 124 | 32 | 44 | 88 | 24 | 20 | 239 | 22 | 593 |
| **Total** | **4429** | **3764** | **5296** | **4002** | **2684** | **2933** | **1286** | **2935** | **27329** |
