# PM-LLM Benchmark Hallucination Analysis

Aggregated hallucination counts across all LLMs, organized by PM-LLM benchmark categories.

| Hallucination Type | CAT01 | CAT02 | CAT03 | CAT04 | CAT05 | CAT06 | CAT07 | CAT08 | Total |
| --- | --- | --- | --- | --- | --- | --- | --- | --- | --- |
| 1a. Instruction Override | 441 | 127 | 272 | 217 | 211 | 169 | 0 | 76 | 1513 |
| 1b. Context Omission | 1197 | 914 | 507 | 973 | 546 | 744 | 327 | 915 | 6123 |
| 1c. Prompt Contradiction | 223 | 121 | 193 | 158 | 47 | 67 | 10 | 18 | 837 |
| 2a. Concept Fabrication | 196 | 130 | 256 | 354 | 152 | 210 | 44 | 324 | 1666 |
| 2b. Spurious Numeric | 565 | 913 | 648 | 250 | 323 | 298 | 124 | 727 | 3848 |
| 2c. False Citation | 15 | 21 | 6 | 36 | 7 | 28 | 0 | 14 | 127 |
| 3a. Unsupported Leap | 1812 | 1749 | 2491 | 2115 | 1487 | 1463 | 439 | 1391 | 12947 |
| 3b. Self Contradiction | 399 | 320 | 466 | 271 | 98 | 207 | 28 | 64 | 1853 |
| 3c. Circular Reasoning | 14 | 12 | 7 | 2 | 7 | 7 | 0 | 18 | 67 |
| 4a. Syntax Error | 79 | 39 | 348 | 113 | 270 | 134 | 0 | 48 | 1031 |
| 4b. Model Semantics Breach | 177 | 122 | 975 | 233 | 159 | 217 | 112 | 17 | 2012 |
| 4c. Visual Description Mismatch | 160 | 48 | 74 | 123 | 27 | 30 | 254 | 36 | 752 |
| **Total** | **5278** | **4516** | **6243** | **4845** | **3334** | **3574** | **1338** | **3648** | **32776** |
