# PM-LLM Benchmark Hallucination Analysis

Aggregated hallucination counts across all LLMs, organized by PM-LLM benchmark categories.

| Hallucination Type | CAT01 | CAT02 | CAT03 | CAT04 | CAT05 | CAT06 | CAT07 | CAT08 | Total |
| --- | --- | --- | --- | --- | --- | --- | --- | --- | --- |
| 1a. Instruction Override | 364 | 105 | 226 | 181 | 147 | 149 | 3 | 52 | 1227 |
| 1b. Context Omission | 1128 | 846 | 418 | 895 | 468 | 692 | 336 | 905 | 5688 |
| 1c. Prompt Contradiction | 204 | 112 | 160 | 129 | 37 | 51 | 13 | 11 | 717 |
| 2a. Concept Fabrication | 168 | 113 | 209 | 299 | 118 | 167 | 56 | 271 | 1401 |
| 2b. Spurious Numeric | 461 | 836 | 583 | 200 | 256 | 245 | 120 | 550 | 3251 |
| 2c. False Citation | 14 | 23 | 6 | 31 | 5 | 24 | 2 | 14 | 119 |
| 3a. Unsupported Leap | 1703 | 1643 | 2417 | 1924 | 1437 | 1332 | 443 | 1294 | 12193 |
| 3b. Self Contradiction | 377 | 270 | 411 | 232 | 80 | 170 | 27 | 49 | 1616 |
| 3c. Circular Reasoning | 12 | 11 | 7 | 1 | 6 | 6 | 0 | 16 | 59 |
| 4a. Syntax Error | 60 | 22 | 298 | 97 | 253 | 109 | 0 | 26 | 865 |
| 4b. Model Semantics Breach | 171 | 95 | 912 | 179 | 127 | 198 | 120 | 7 | 1809 |
| 4c. Visual Description Mismatch | 134 | 35 | 47 | 94 | 24 | 22 | 264 | 21 | 641 |
| **Total** | **4796** | **4111** | **5694** | **4262** | **2958** | **3165** | **1384** | **3216** | **29586** |
