# PM-LLM Benchmark Hallucination Analysis

Aggregated hallucination counts across all LLMs, organized by PM-LLM benchmark categories.

| Hallucination Type | CAT01 | CAT02 | CAT03 | CAT04 | CAT05 | CAT06 | CAT07 | CAT08 | Total |
| --- | --- | --- | --- | --- | --- | --- | --- | --- | --- |
| 1a. Instruction Override | 488 | 131 | 296 | 243 | 236 | 186 | 0 | 89 | 1669 |
| 1b. Context Omission | 1254 | 986 | 556 | 1075 | 594 | 807 | 328 | 985 | 6585 |
| 1c. Prompt Contradiction | 245 | 127 | 213 | 183 | 49 | 79 | 10 | 20 | 926 |
| 2a. Concept Fabrication | 215 | 137 | 275 | 380 | 161 | 226 | 44 | 351 | 1789 |
| 2b. Spurious Numeric | 633 | 975 | 721 | 282 | 365 | 331 | 128 | 829 | 4264 |
| 2c. False Citation | 15 | 22 | 8 | 37 | 7 | 30 | 0 | 14 | 133 |
| 3a. Unsupported Leap | 1941 | 1837 | 2664 | 2248 | 1584 | 1584 | 442 | 1498 | 13798 |
| 3b. Self Contradiction | 424 | 344 | 515 | 293 | 106 | 225 | 28 | 71 | 2006 |
| 3c. Circular Reasoning | 16 | 14 | 7 | 2 | 7 | 7 | 0 | 18 | 71 |
| 4a. Syntax Error | 87 | 44 | 381 | 120 | 299 | 147 | 0 | 59 | 1137 |
| 4b. Model Semantics Breach | 197 | 130 | 1053 | 256 | 174 | 230 | 112 | 18 | 2170 |
| 4c. Visual Description Mismatch | 175 | 53 | 83 | 133 | 31 | 32 | 257 | 41 | 805 |
| **Total** | **5690** | **4800** | **6772** | **5252** | **3613** | **3884** | **1349** | **3993** | **35353** |
