# PM-LLM Benchmark Hallucination Analysis

Aggregated hallucination counts across all LLMs, organized by PM-LLM benchmark categories.

| Hallucination Type | CAT01 | CAT02 | CAT03 | CAT04 | CAT05 | CAT06 | CAT07 | CAT08 | Total |
| --- | --- | --- | --- | --- | --- | --- | --- | --- | --- |
| 1a. Instruction Override | 389 | 107 | 249 | 191 | 179 | 153 | 0 | 57 | 1325 |
| 1b. Context Omission | 1100 | 835 | 457 | 875 | 483 | 681 | 327 | 843 | 5601 |
| 1c. Prompt Contradiction | 210 | 110 | 171 | 137 | 40 | 59 | 10 | 13 | 750 |
| 2a. Concept Fabrication | 171 | 119 | 233 | 316 | 129 | 183 | 44 | 284 | 1479 |
| 2b. Spurious Numeric | 500 | 850 | 602 | 230 | 283 | 273 | 118 | 633 | 3489 |
| 2c. False Citation | 15 | 21 | 6 | 35 | 5 | 26 | 0 | 13 | 121 |
| 3a. Unsupported Leap | 1679 | 1641 | 2356 | 1950 | 1382 | 1334 | 432 | 1281 | 12055 |
| 3b. Self Contradiction | 370 | 284 | 425 | 242 | 84 | 183 | 27 | 50 | 1665 |
| 3c. Circular Reasoning | 13 | 12 | 7 | 1 | 7 | 6 | 0 | 17 | 63 |
| 4a. Syntax Error | 61 | 31 | 322 | 94 | 242 | 117 | 0 | 32 | 899 |
| 4b. Model Semantics Breach | 160 | 109 | 908 | 206 | 145 | 196 | 112 | 10 | 1846 |
| 4c. Visual Description Mismatch | 145 | 41 | 65 | 109 | 26 | 28 | 249 | 29 | 692 |
| **Total** | **4813** | **4160** | **5801** | **4386** | **3005** | **3239** | **1319** | **3262** | **29985** |
