# PM-LLM Benchmark Hallucination Analysis

Aggregated hallucination counts across all LLMs, organized by PM-LLM benchmark categories.

| Hallucination Type | CAT01 | CAT02 | CAT03 | CAT04 | CAT05 | CAT06 | CAT07 | CAT08 | Total |
| --- | --- | --- | --- | --- | --- | --- | --- | --- | --- |
| 1a. Instruction Override | 353 | 144 | 384 | 189 | 253 | 131 | 6 | 57 | 1517 |
| 1b. Context Omission | 1058 | 1023 | 664 | 861 | 1149 | 965 | 387 | 1556 | 7663 |
| 1c. Prompt Contradiction | 184 | 88 | 165 | 92 | 47 | 54 | 23 | 33 | 686 |
| 2a. Concept Fabrication | 445 | 217 | 280 | 711 | 211 | 282 | 251 | 532 | 2929 |
| 2b. Spurious Numeric | 432 | 553 | 476 | 311 | 298 | 257 | 129 | 1286 | 3742 |
| 2c. False Citation | 7 | 15 | 4 | 15 | 1 | 53 | 3 | 20 | 118 |
| 3a. Unsupported Leap | 1781 | 1964 | 1527 | 1628 | 1513 | 1946 | 768 | 1692 | 12819 |
| 3b. Self Contradiction | 323 | 165 | 323 | 180 | 65 | 148 | 17 | 71 | 1292 |
| 3c. Circular Reasoning | 2 | 2 | 1 | 2 | 0 | 0 | 0 | 5 | 12 |
| 4a. Syntax Error | 126 | 43 | 227 | 94 | 243 | 98 | 11 | 145 | 987 |
| 4b. Model Semantics Breach | 248 | 131 | 819 | 463 | 260 | 265 | 106 | 47 | 2339 |
| 4c. Visual Description Mismatch | 150 | 45 | 75 | 91 | 43 | 14 | 503 | 26 | 947 |
| **Total** | **5109** | **4390** | **4945** | **4637** | **4083** | **4213** | **2204** | **5470** | **35051** |
