# PM-LLM Benchmark Hallucination Analysis

Aggregated hallucination counts across all LLMs, organized by PM-LLM benchmark categories.

| Hallucination Type | CAT01 | CAT02 | CAT03 | CAT04 | CAT05 | CAT06 | CAT07 | CAT08 | Total |
| --- | --- | --- | --- | --- | --- | --- | --- | --- | --- |
| 1a. Instruction Override | 320 | 133 | 344 | 174 | 232 | 122 | 6 | 54 | 1385 |
| 1b. Context Omission | 980 | 952 | 617 | 805 | 1068 | 914 | 376 | 1437 | 7149 |
| 1c. Prompt Contradiction | 153 | 71 | 146 | 81 | 34 | 47 | 22 | 31 | 585 |
| 2a. Concept Fabrication | 392 | 198 | 245 | 652 | 168 | 265 | 228 | 483 | 2631 |
| 2b. Spurious Numeric | 387 | 481 | 437 | 284 | 271 | 235 | 126 | 1162 | 3383 |
| 2c. False Citation | 6 | 12 | 4 | 14 | 1 | 48 | 3 | 17 | 105 |
| 3a. Unsupported Leap | 1643 | 1792 | 1412 | 1506 | 1385 | 1785 | 718 | 1568 | 11809 |
| 3b. Self Contradiction | 286 | 144 | 287 | 163 | 58 | 128 | 15 | 64 | 1145 |
| 3c. Circular Reasoning | 1 | 2 | 1 | 2 | 0 | 0 | 0 | 5 | 11 |
| 4a. Syntax Error | 114 | 41 | 198 | 79 | 202 | 89 | 10 | 131 | 864 |
| 4b. Model Semantics Breach | 227 | 113 | 740 | 434 | 235 | 235 | 100 | 44 | 2128 |
| 4c. Visual Description Mismatch | 140 | 37 | 65 | 84 | 40 | 13 | 454 | 25 | 858 |
| **Total** | **4649** | **3976** | **4496** | **4278** | **3694** | **3881** | **2058** | **5021** | **32053** |
