# PM-LLM Benchmark Hallucination Analysis

Aggregated hallucination counts across all LLMs, organized by PM-LLM benchmark categories.

| Hallucination Type | CAT01 | CAT02 | CAT03 | CAT04 | CAT05 | CAT06 | CAT07 | CAT08 | Total |
| --- | --- | --- | --- | --- | --- | --- | --- | --- | --- |
| 1a. Instruction Override | 334 | 135 | 363 | 178 | 239 | 126 | 6 | 54 | 1435 |
| 1b. Context Omission | 1011 | 989 | 640 | 827 | 1101 | 943 | 377 | 1498 | 7386 |
| 1c. Prompt Contradiction | 169 | 79 | 156 | 86 | 41 | 53 | 22 | 31 | 637 |
| 2a. Concept Fabrication | 422 | 204 | 261 | 670 | 192 | 269 | 228 | 506 | 2752 |
| 2b. Spurious Numeric | 407 | 513 | 459 | 301 | 285 | 246 | 126 | 1240 | 3577 |
| 2c. False Citation | 6 | 12 | 4 | 15 | 1 | 52 | 3 | 19 | 112 |
| 3a. Unsupported Leap | 1709 | 1889 | 1470 | 1566 | 1443 | 1871 | 727 | 1633 | 12308 |
| 3b. Self Contradiction | 305 | 155 | 307 | 172 | 62 | 138 | 16 | 68 | 1223 |
| 3c. Circular Reasoning | 2 | 2 | 1 | 2 | 0 | 0 | 0 | 5 | 12 |
| 4a. Syntax Error | 121 | 41 | 212 | 88 | 216 | 92 | 11 | 141 | 922 |
| 4b. Model Semantics Breach | 239 | 119 | 775 | 455 | 245 | 247 | 102 | 45 | 2227 |
| 4c. Visual Description Mismatch | 145 | 41 | 70 | 88 | 40 | 14 | 461 | 24 | 883 |
| **Total** | **4870** | **4179** | **4718** | **4448** | **3865** | **4051** | **2079** | **5264** | **33474** |
