# PM-LLM Benchmark Hallucination Analysis

Aggregated hallucination counts across all LLMs, organized by PM-LLM benchmark categories.

| Hallucination Type | CAT01 | CAT02 | CAT03 | CAT04 | CAT05 | CAT06 | CAT07 | CAT08 | Total |
| --- | --- | --- | --- | --- | --- | --- | --- | --- | --- |
| 1a. Instruction Override | 308 | 89 | 168 | 151 | 118 | 125 | 1 | 47 | 1007 |
| 1b. Context Omission | 964 | 734 | 295 | 799 | 382 | 605 | 351 | 859 | 4989 |
| 1c. Prompt Contradiction | 181 | 86 | 100 | 95 | 23 | 39 | 13 | 9 | 546 |
| 2a. Concept Fabrication | 95 | 47 | 115 | 211 | 48 | 116 | 55 | 225 | 912 |
| 2b. Spurious Numeric | 361 | 721 | 502 | 158 | 192 | 180 | 108 | 408 | 2630 |
| 2c. False Citation | 14 | 21 | 6 | 37 | 6 | 15 | 0 | 9 | 108 |
| 3a. Unsupported Leap | 1409 | 1391 | 2170 | 1728 | 1229 | 1108 | 449 | 1127 | 10611 |
| 3b. Self Contradiction | 319 | 189 | 315 | 189 | 58 | 129 | 26 | 33 | 1258 |
| 3c. Circular Reasoning | 6 | 4 | 8 | 1 | 3 | 2 | 0 | 16 | 40 |
| 4a. Syntax Error | 41 | 13 | 191 | 81 | 202 | 65 | 0 | 14 | 607 |
| 4b. Model Semantics Breach | 151 | 62 | 797 | 159 | 96 | 166 | 123 | 8 | 1562 |
| 4c. Visual Description Mismatch | 105 | 26 | 39 | 69 | 21 | 20 | 249 | 20 | 549 |
| **Total** | **3954** | **3383** | **4706** | **3678** | **2378** | **2570** | **1375** | **2775** | **24819** |
