# PM-LLM Benchmark Hallucination Analysis

Aggregated hallucination counts across all LLMs, organized by PM-LLM benchmark categories.

| Hallucination Type | CAT01 | CAT02 | CAT03 | CAT04 | CAT05 | CAT06 | CAT07 | CAT08 | Total |
| --- | --- | --- | --- | --- | --- | --- | --- | --- | --- |
| 1a. Instruction Override | 398 | 110 | 249 | 194 | 183 | 155 | 0 | 62 | 1351 |
| 1b. Context Omission | 1119 | 845 | 463 | 885 | 492 | 696 | 327 | 856 | 5683 |
| 1c. Prompt Contradiction | 209 | 110 | 171 | 137 | 41 | 61 | 10 | 14 | 753 |
| 2a. Concept Fabrication | 174 | 117 | 233 | 316 | 132 | 187 | 44 | 288 | 1491 |
| 2b. Spurious Numeric | 509 | 858 | 602 | 230 | 285 | 274 | 119 | 632 | 3509 |
| 2c. False Citation | 15 | 21 | 6 | 35 | 5 | 26 | 0 | 13 | 121 |
| 3a. Unsupported Leap | 1695 | 1659 | 2370 | 1965 | 1391 | 1349 | 432 | 1293 | 12154 |
| 3b. Self Contradiction | 376 | 292 | 429 | 243 | 84 | 186 | 27 | 52 | 1689 |
| 3c. Circular Reasoning | 13 | 12 | 7 | 2 | 7 | 6 | 0 | 17 | 64 |
| 4a. Syntax Error | 71 | 33 | 328 | 99 | 250 | 121 | 0 | 37 | 939 |
| 4b. Model Semantics Breach | 165 | 112 | 920 | 207 | 146 | 198 | 112 | 12 | 1872 |
| 4c. Visual Description Mismatch | 145 | 41 | 66 | 111 | 26 | 28 | 249 | 31 | 697 |
| **Total** | **4889** | **4210** | **5844** | **4424** | **3042** | **3287** | **1320** | **3307** | **30323** |
