# PM-LLM Benchmark Hallucination Analysis

Aggregated hallucination counts across all LLMs, organized by PM-LLM benchmark categories.

| Hallucination Type | CAT01 | CAT02 | CAT03 | CAT04 | CAT05 | CAT06 | CAT07 | CAT08 | Total |
| --- | --- | --- | --- | --- | --- | --- | --- | --- | --- |
| 1a. Instruction Override | 398 | 112 | 248 | 193 | 159 | 166 | 4 | 62 | 1342 |
| 1b. Context Omission | 1191 | 913 | 446 | 966 | 510 | 739 | 351 | 1002 | 6118 |
| 1c. Prompt Contradiction | 226 | 120 | 166 | 136 | 40 | 60 | 14 | 14 | 776 |
| 2a. Concept Fabrication | 179 | 117 | 228 | 305 | 114 | 182 | 76 | 316 | 1517 |
| 2b. Spurious Numeric | 518 | 916 | 624 | 212 | 275 | 258 | 124 | 575 | 3502 |
| 2c. False Citation | 14 | 25 | 7 | 39 | 6 | 25 | 2 | 14 | 132 |
| 3a. Unsupported Leap | 1826 | 1766 | 2621 | 2084 | 1543 | 1419 | 468 | 1394 | 13121 |
| 3b. Self Contradiction | 406 | 280 | 431 | 250 | 85 | 184 | 28 | 52 | 1716 |
| 3c. Circular Reasoning | 12 | 11 | 10 | 2 | 6 | 7 | 0 | 19 | 67 |
| 4a. Syntax Error | 64 | 23 | 322 | 108 | 272 | 114 | 0 | 25 | 928 |
| 4b. Model Semantics Breach | 188 | 100 | 997 | 194 | 137 | 217 | 130 | 8 | 1971 |
| 4c. Visual Description Mismatch | 139 | 36 | 49 | 99 | 24 | 28 | 284 | 24 | 683 |
| **Total** | **5161** | **4419** | **6149** | **4588** | **3171** | **3399** | **1481** | **3505** | **31873** |
