# PM-LLM Benchmark Hallucination Analysis

Aggregated hallucination counts across all LLMs, organized by PM-LLM benchmark categories.

| Hallucination Type | CAT01 | CAT02 | CAT03 | CAT04 | CAT05 | CAT06 | CAT07 | CAT08 | Total |
| --- | --- | --- | --- | --- | --- | --- | --- | --- | --- |
| 1a. Instruction Override | 285 | 99 | 309 | 144 | 176 | 116 | 3 | 42 | 1174 |
| 1b. Context Omission | 871 | 791 | 518 | 683 | 913 | 759 | 252 | 1291 | 6078 |
| 1c. Prompt Contradiction | 141 | 77 | 136 | 75 | 27 | 57 | 13 | 29 | 555 |
| 2a. Concept Fabrication | 344 | 197 | 237 | 537 | 151 | 246 | 196 | 440 | 2348 |
| 2b. Spurious Numeric | 354 | 472 | 386 | 266 | 219 | 212 | 104 | 976 | 2989 |
| 2c. False Citation | 3 | 11 | 4 | 23 | 5 | 43 | 3 | 17 | 109 |
| 3a. Unsupported Leap | 1342 | 1480 | 1188 | 1273 | 1140 | 1446 | 525 | 1284 | 9678 |
| 3b. Self Contradiction | 261 | 146 | 277 | 154 | 57 | 121 | 9 | 64 | 1089 |
| 3c. Circular Reasoning | 1 | 2 | 3 | 2 | 1 | 0 | 0 | 3 | 12 |
| 4a. Syntax Error | 83 | 29 | 198 | 83 | 204 | 82 | 7 | 91 | 777 |
| 4b. Model Semantics Breach | 194 | 97 | 689 | 348 | 202 | 213 | 73 | 38 | 1854 |
| 4c. Visual Description Mismatch | 114 | 33 | 56 | 81 | 40 | 15 | 319 | 21 | 679 |
| **Total** | **3993** | **3434** | **4001** | **3669** | **3135** | **3310** | **1504** | **4296** | **27342** |
