# PM-LLM Benchmark Hallucination Analysis

Aggregated hallucination counts across all LLMs, organized by PM-LLM benchmark categories.

| Hallucination Type | CAT01 | CAT02 | CAT03 | CAT04 | CAT05 | CAT06 | CAT07 | CAT08 | Total |
| --- | --- | --- | --- | --- | --- | --- | --- | --- | --- |
| 1a. Instruction Override | 330 | 120 | 362 | 164 | 216 | 128 | 4 | 48 | 1372 |
| 1b. Context Omission | 1002 | 914 | 600 | 774 | 1031 | 868 | 291 | 1465 | 6945 |
| 1c. Prompt Contradiction | 163 | 85 | 156 | 89 | 36 | 63 | 16 | 36 | 644 |
| 2a. Concept Fabrication | 389 | 227 | 268 | 634 | 186 | 277 | 211 | 511 | 2703 |
| 2b. Spurious Numeric | 399 | 516 | 434 | 290 | 251 | 238 | 114 | 1078 | 3320 |
| 2c. False Citation | 3 | 12 | 4 | 25 | 5 | 48 | 3 | 21 | 121 |
| 3a. Unsupported Leap | 1539 | 1718 | 1358 | 1473 | 1312 | 1681 | 614 | 1487 | 11182 |
| 3b. Self Contradiction | 294 | 164 | 304 | 177 | 61 | 142 | 14 | 72 | 1228 |
| 3c. Circular Reasoning | 2 | 2 | 3 | 2 | 1 | 0 | 0 | 4 | 14 |
| 4a. Syntax Error | 100 | 34 | 221 | 99 | 236 | 94 | 8 | 108 | 900 |
| 4b. Model Semantics Breach | 223 | 111 | 771 | 413 | 234 | 241 | 81 | 40 | 2114 |
| 4c. Visual Description Mismatch | 130 | 36 | 63 | 91 | 45 | 16 | 397 | 26 | 804 |
| **Total** | **4574** | **3939** | **4544** | **4231** | **3614** | **3796** | **1753** | **4896** | **31347** |
