# PM-LLM Benchmark Hallucination Analysis

Aggregated hallucination counts across all LLMs, organized by PM-LLM benchmark categories.

| Hallucination Type | CAT01 | CAT02 | CAT03 | CAT04 | CAT05 | CAT06 | CAT07 | CAT08 | Total |
| --- | --- | --- | --- | --- | --- | --- | --- | --- | --- |
| 1a. Instruction Override | 349 | 99 | 215 | 171 | 138 | 141 | 3 | 49 | 1165 |
| 1b. Context Omission | 1058 | 793 | 405 | 837 | 437 | 646 | 325 | 833 | 5334 |
| 1c. Prompt Contradiction | 191 | 102 | 153 | 120 | 35 | 49 | 12 | 9 | 671 |
| 2a. Concept Fabrication | 159 | 101 | 200 | 288 | 113 | 152 | 52 | 245 | 1310 |
| 2b. Spurious Numeric | 427 | 770 | 564 | 190 | 245 | 236 | 116 | 518 | 3066 |
| 2c. False Citation | 14 | 22 | 6 | 31 | 5 | 24 | 2 | 12 | 116 |
| 3a. Unsupported Leap | 1590 | 1533 | 2263 | 1813 | 1331 | 1249 | 432 | 1197 | 11408 |
| 3b. Self Contradiction | 350 | 257 | 396 | 222 | 74 | 163 | 27 | 46 | 1535 |
| 3c. Circular Reasoning | 12 | 11 | 7 | 1 | 6 | 6 | 0 | 16 | 59 |
| 4a. Syntax Error | 54 | 20 | 286 | 88 | 220 | 102 | 0 | 22 | 792 |
| 4b. Model Semantics Breach | 153 | 90 | 844 | 173 | 122 | 183 | 117 | 7 | 1689 |
| 4c. Visual Description Mismatch | 126 | 33 | 44 | 90 | 24 | 20 | 259 | 21 | 617 |
| **Total** | **4483** | **3831** | **5383** | **4024** | **2750** | **2971** | **1345** | **2975** | **27762** |
