# PM-LLM Benchmark Hallucination Analysis

Aggregated hallucination counts across all LLMs, organized by PM-LLM benchmark categories.

| Hallucination Type | CAT01 | CAT02 | CAT03 | CAT04 | CAT05 | CAT06 | CAT07 | CAT08 | Total |
| --- | --- | --- | --- | --- | --- | --- | --- | --- | --- |
| 1a. Instruction Override | 296 | 104 | 321 | 146 | 184 | 121 | 3 | 44 | 1219 |
| 1b. Context Omission | 895 | 821 | 534 | 699 | 938 | 774 | 255 | 1317 | 6233 |
| 1c. Prompt Contradiction | 143 | 80 | 138 | 78 | 28 | 58 | 13 | 30 | 568 |
| 2a. Concept Fabrication | 348 | 204 | 244 | 562 | 155 | 251 | 200 | 471 | 2435 |
| 2b. Spurious Numeric | 366 | 480 | 397 | 270 | 228 | 221 | 106 | 1009 | 3077 |
| 2c. False Citation | 3 | 11 | 4 | 23 | 5 | 43 | 3 | 21 | 113 |
| 3a. Unsupported Leap | 1372 | 1526 | 1222 | 1302 | 1186 | 1489 | 536 | 1328 | 9961 |
| 3b. Self Contradiction | 268 | 151 | 289 | 159 | 59 | 127 | 10 | 67 | 1130 |
| 3c. Circular Reasoning | 1 | 2 | 3 | 2 | 1 | 0 | 0 | 3 | 12 |
| 4a. Syntax Error | 85 | 31 | 203 | 85 | 213 | 83 | 7 | 94 | 801 |
| 4b. Model Semantics Breach | 197 | 99 | 711 | 359 | 212 | 220 | 75 | 39 | 1912 |
| 4c. Visual Description Mismatch | 119 | 33 | 60 | 81 | 42 | 15 | 327 | 21 | 698 |
| **Total** | **4093** | **3542** | **4126** | **3766** | **3251** | **3402** | **1535** | **4444** | **28159** |
