# PM-LLM Benchmark Hallucination Analysis

Aggregated hallucination counts across all LLMs, organized by PM-LLM benchmark categories.

| Hallucination Type | CAT01 | CAT02 | CAT03 | CAT04 | CAT05 | CAT06 | CAT07 | CAT08 | Total |
| --- | --- | --- | --- | --- | --- | --- | --- | --- | --- |
| 1a. Instruction Override | 298 | 122 | 326 | 158 | 213 | 111 | 6 | 49 | 1283 |
| 1b. Context Omission | 934 | 914 | 575 | 762 | 1025 | 871 | 343 | 1406 | 6830 |
| 1c. Prompt Contradiction | 144 | 63 | 140 | 79 | 32 | 44 | 19 | 29 | 550 |
| 2a. Concept Fabrication | 364 | 179 | 236 | 614 | 161 | 250 | 218 | 447 | 2469 |
| 2b. Spurious Numeric | 353 | 441 | 408 | 264 | 254 | 214 | 124 | 1079 | 3137 |
| 2c. False Citation | 6 | 9 | 3 | 14 | 1 | 46 | 3 | 17 | 99 |
| 3a. Unsupported Leap | 1554 | 1675 | 1329 | 1417 | 1307 | 1692 | 688 | 1481 | 11143 |
| 3b. Self Contradiction | 272 | 136 | 270 | 157 | 53 | 118 | 15 | 61 | 1082 |
| 3c. Circular Reasoning | 1 | 2 | 1 | 2 | 0 | 0 | 0 | 5 | 11 |
| 4a. Syntax Error | 109 | 37 | 188 | 73 | 187 | 84 | 10 | 122 | 810 |
| 4b. Model Semantics Breach | 212 | 106 | 698 | 406 | 214 | 224 | 97 | 40 | 1997 |
| 4c. Visual Description Mismatch | 132 | 36 | 60 | 82 | 39 | 13 | 432 | 23 | 817 |
| **Total** | **4379** | **3720** | **4234** | **4028** | **3486** | **3667** | **1955** | **4759** | **30228** |
