# PM-LLM Benchmark Hallucination Analysis

Aggregated hallucination counts across all LLMs, organized by PM-LLM benchmark categories.

| Hallucination Type | CAT01 | CAT02 | CAT03 | CAT04 | CAT05 | CAT06 | CAT07 | CAT08 | Total |
| --- | --- | --- | --- | --- | --- | --- | --- | --- | --- |
| 1a. Instruction Override | 382 | 107 | 233 | 187 | 148 | 156 | 4 | 56 | 1273 |
| 1b. Context Omission | 1145 | 882 | 422 | 944 | 498 | 721 | 351 | 968 | 5931 |
| 1c. Prompt Contradiction | 213 | 108 | 159 | 134 | 35 | 51 | 14 | 14 | 728 |
| 2a. Concept Fabrication | 169 | 106 | 213 | 294 | 101 | 172 | 76 | 308 | 1439 |
| 2b. Spurious Numeric | 498 | 892 | 616 | 210 | 271 | 250 | 124 | 568 | 3429 |
| 2c. False Citation | 14 | 25 | 7 | 39 | 6 | 24 | 2 | 14 | 131 |
| 3a. Unsupported Leap | 1778 | 1709 | 2575 | 2045 | 1510 | 1383 | 468 | 1355 | 12823 |
| 3b. Self Contradiction | 397 | 262 | 413 | 246 | 81 | 173 | 28 | 52 | 1652 |
| 3c. Circular Reasoning | 12 | 9 | 10 | 2 | 5 | 5 | 0 | 16 | 59 |
| 4a. Syntax Error | 62 | 21 | 295 | 100 | 264 | 107 | 0 | 24 | 873 |
| 4b. Model Semantics Breach | 179 | 90 | 961 | 192 | 132 | 210 | 130 | 8 | 1902 |
| 4c. Visual Description Mismatch | 134 | 33 | 49 | 92 | 24 | 27 | 284 | 24 | 667 |
| **Total** | **4983** | **4244** | **5953** | **4485** | **3075** | **3279** | **1481** | **3407** | **30907** |
