# PM-LLM Benchmark Hallucination Analysis

Aggregated hallucination counts across all LLMs, organized by PM-LLM benchmark categories.

| Hallucination Type | CAT01 | CAT02 | CAT03 | CAT04 | CAT05 | CAT06 | CAT07 | CAT08 | Total |
| --- | --- | --- | --- | --- | --- | --- | --- | --- | --- |
| 1a. Instruction Override | 347 | 94 | 194 | 164 | 130 | 136 | 4 | 49 | 1118 |
| 1b. Context Omission | 1040 | 794 | 351 | 867 | 430 | 653 | 351 | 918 | 5404 |
| 1c. Prompt Contradiction | 195 | 92 | 119 | 107 | 24 | 41 | 14 | 10 | 602 |
| 2a. Concept Fabrication | 116 | 55 | 147 | 251 | 60 | 120 | 74 | 239 | 1062 |
| 2b. Spurious Numeric | 412 | 780 | 555 | 182 | 223 | 213 | 122 | 473 | 2960 |
| 2c. False Citation | 14 | 24 | 6 | 37 | 6 | 21 | 2 | 10 | 120 |
| 3a. Unsupported Leap | 1570 | 1507 | 2369 | 1889 | 1362 | 1236 | 467 | 1215 | 11615 |
| 3b. Self Contradiction | 348 | 217 | 357 | 213 | 65 | 140 | 28 | 36 | 1404 |
| 3c. Circular Reasoning | 9 | 5 | 8 | 1 | 4 | 3 | 0 | 16 | 46 |
| 4a. Syntax Error | 45 | 17 | 215 | 83 | 217 | 74 | 0 | 19 | 670 |
| 4b. Model Semantics Breach | 167 | 73 | 854 | 179 | 111 | 178 | 130 | 8 | 1700 |
| 4c. Visual Description Mismatch | 121 | 31 | 41 | 77 | 24 | 22 | 281 | 19 | 616 |
| **Total** | **4384** | **3689** | **5216** | **4050** | **2656** | **2837** | **1473** | **3012** | **27317** |
