# PM-LLM Benchmark Hallucination Analysis

Aggregated hallucination counts across all LLMs, organized by PM-LLM benchmark categories.

| Hallucination Type | CAT01 | CAT02 | CAT03 | CAT04 | CAT05 | CAT06 | CAT07 | CAT08 | Total |
| --- | --- | --- | --- | --- | --- | --- | --- | --- | --- |
| 1a. Instruction Override | 340 | 122 | 369 | 166 | 223 | 129 | 5 | 49 | 1403 |
| 1b. Context Omission | 1019 | 928 | 608 | 783 | 1044 | 881 | 292 | 1484 | 7039 |
| 1c. Prompt Contradiction | 168 | 87 | 161 | 91 | 37 | 64 | 17 | 36 | 661 |
| 2a. Concept Fabrication | 397 | 231 | 276 | 643 | 189 | 280 | 212 | 518 | 2746 |
| 2b. Spurious Numeric | 405 | 530 | 439 | 296 | 254 | 242 | 118 | 1105 | 3389 |
| 2c. False Citation | 4 | 12 | 4 | 25 | 5 | 48 | 3 | 21 | 122 |
| 3a. Unsupported Leap | 1565 | 1752 | 1389 | 1501 | 1336 | 1711 | 625 | 1510 | 11389 |
| 3b. Self Contradiction | 301 | 167 | 313 | 181 | 64 | 146 | 15 | 74 | 1261 |
| 3c. Circular Reasoning | 2 | 2 | 3 | 2 | 1 | 0 | 0 | 4 | 14 |
| 4a. Syntax Error | 101 | 35 | 225 | 99 | 239 | 95 | 9 | 110 | 913 |
| 4b. Model Semantics Breach | 228 | 112 | 786 | 421 | 237 | 247 | 83 | 42 | 2156 |
| 4c. Visual Description Mismatch | 131 | 36 | 64 | 94 | 48 | 16 | 402 | 26 | 817 |
| **Total** | **4661** | **4014** | **4637** | **4302** | **3677** | **3859** | **1781** | **4979** | **31910** |
