# PM-LLM Benchmark Hallucination Analysis

Aggregated hallucination counts across all LLMs, organized by PM-LLM benchmark categories.

| Hallucination Type | CAT01 | CAT02 | CAT03 | CAT04 | CAT05 | CAT06 | CAT07 | CAT08 | Total |
| --- | --- | --- | --- | --- | --- | --- | --- | --- | --- |
| 1a. Instruction Override | 355 | 101 | 222 | 174 | 138 | 144 | 3 | 51 | 1188 |
| 1b. Context Omission | 1071 | 803 | 419 | 844 | 437 | 659 | 325 | 844 | 5402 |
| 1c. Prompt Contradiction | 192 | 102 | 159 | 120 | 35 | 51 | 13 | 9 | 681 |
| 2a. Concept Fabrication | 162 | 102 | 202 | 291 | 113 | 157 | 52 | 248 | 1327 |
| 2b. Spurious Numeric | 434 | 778 | 567 | 191 | 247 | 239 | 118 | 529 | 3103 |
| 2c. False Citation | 14 | 22 | 6 | 31 | 5 | 24 | 2 | 12 | 116 |
| 3a. Unsupported Leap | 1620 | 1561 | 2287 | 1855 | 1340 | 1271 | 432 | 1217 | 11583 |
| 3b. Self Contradiction | 353 | 260 | 403 | 232 | 74 | 164 | 28 | 47 | 1561 |
| 3c. Circular Reasoning | 12 | 11 | 7 | 1 | 6 | 6 | 0 | 16 | 59 |
| 4a. Syntax Error | 56 | 21 | 289 | 88 | 220 | 103 | 0 | 25 | 802 |
| 4b. Model Semantics Breach | 157 | 95 | 852 | 180 | 122 | 186 | 117 | 7 | 1716 |
| 4c. Visual Description Mismatch | 129 | 33 | 44 | 91 | 24 | 20 | 259 | 22 | 622 |
| **Total** | **4555** | **3889** | **5457** | **4098** | **2761** | **3024** | **1349** | **3027** | **28160** |
