# PM-LLM Benchmark Hallucination Analysis

Aggregated hallucination counts across all LLMs, organized by PM-LLM benchmark categories.

| Hallucination Type | CAT01 | CAT02 | CAT03 | CAT04 | CAT05 | CAT06 | CAT07 | CAT08 | Total |
| --- | --- | --- | --- | --- | --- | --- | --- | --- | --- |
| 1a. Instruction Override | 447 | 128 | 276 | 225 | 217 | 171 | 0 | 77 | 1541 |
| 1b. Context Omission | 1205 | 924 | 514 | 992 | 556 | 755 | 327 | 931 | 6204 |
| 1c. Prompt Contradiction | 227 | 122 | 198 | 166 | 47 | 68 | 10 | 18 | 856 |
| 2a. Concept Fabrication | 200 | 133 | 259 | 358 | 155 | 212 | 44 | 328 | 1689 |
| 2b. Spurious Numeric | 579 | 931 | 670 | 263 | 334 | 306 | 124 | 758 | 3965 |
| 2c. False Citation | 15 | 22 | 7 | 36 | 7 | 29 | 0 | 14 | 130 |
| 3a. Unsupported Leap | 1830 | 1779 | 2529 | 2146 | 1510 | 1487 | 439 | 1411 | 13131 |
| 3b. Self Contradiction | 403 | 327 | 481 | 273 | 100 | 211 | 28 | 67 | 1890 |
| 3c. Circular Reasoning | 14 | 12 | 7 | 2 | 7 | 7 | 0 | 18 | 67 |
| 4a. Syntax Error | 80 | 41 | 356 | 116 | 274 | 138 | 0 | 55 | 1060 |
| 4b. Model Semantics Breach | 183 | 126 | 987 | 240 | 161 | 220 | 112 | 17 | 2046 |
| 4c. Visual Description Mismatch | 164 | 50 | 77 | 125 | 29 | 30 | 254 | 36 | 765 |
| **Total** | **5347** | **4595** | **6361** | **4942** | **3397** | **3634** | **1338** | **3730** | **33344** |
