# PM-LLM Benchmark Hallucination Analysis

Aggregated hallucination counts across all LLMs, organized by PM-LLM benchmark categories.

| Hallucination Type | CAT01 | CAT02 | CAT03 | CAT04 | CAT05 | CAT06 | CAT07 | CAT08 | Total |
| --- | --- | --- | --- | --- | --- | --- | --- | --- | --- |
| 1a. Instruction Override | 317 | 112 | 345 | 153 | 200 | 127 | 3 | 45 | 1302 |
| 1b. Context Omission | 951 | 882 | 570 | 736 | 988 | 823 | 285 | 1401 | 6636 |
| 1c. Prompt Contradiction | 153 | 83 | 148 | 82 | 31 | 60 | 15 | 34 | 606 |
| 2a. Concept Fabrication | 370 | 212 | 263 | 594 | 166 | 262 | 204 | 494 | 2565 |
| 2b. Spurious Numeric | 381 | 500 | 415 | 278 | 243 | 236 | 108 | 1061 | 3222 |
| 2c. False Citation | 3 | 12 | 4 | 23 | 5 | 47 | 3 | 22 | 119 |
| 3a. Unsupported Leap | 1462 | 1625 | 1295 | 1394 | 1245 | 1586 | 586 | 1414 | 10607 |
| 3b. Self Contradiction | 290 | 159 | 300 | 166 | 62 | 135 | 11 | 70 | 1193 |
| 3c. Circular Reasoning | 2 | 2 | 3 | 2 | 1 | 0 | 0 | 3 | 13 |
| 4a. Syntax Error | 99 | 33 | 213 | 91 | 224 | 88 | 7 | 104 | 859 |
| 4b. Model Semantics Breach | 217 | 105 | 746 | 378 | 221 | 228 | 75 | 40 | 2010 |
| 4c. Visual Description Mismatch | 128 | 35 | 63 | 85 | 45 | 16 | 365 | 24 | 761 |
| **Total** | **4373** | **3760** | **4365** | **3982** | **3431** | **3608** | **1662** | **4712** | **29893** |
