# PM-LLM Benchmark Hallucination Analysis

Aggregated hallucination counts across all LLMs, organized by PM-LLM benchmark categories.

| Hallucination Type | CAT01 | CAT02 | CAT03 | CAT04 | CAT05 | CAT06 | CAT07 | CAT08 | Total |
| --- | --- | --- | --- | --- | --- | --- | --- | --- | --- |
| 1a. Instruction Override | 323 | 89 | 177 | 154 | 121 | 129 | 4 | 47 | 1044 |
| 1b. Context Omission | 977 | 736 | 305 | 811 | 382 | 613 | 351 | 888 | 5063 |
| 1c. Prompt Contradiction | 187 | 86 | 106 | 100 | 24 | 40 | 14 | 9 | 566 |
| 2a. Concept Fabrication | 106 | 52 | 133 | 231 | 52 | 116 | 74 | 233 | 997 |
| 2b. Spurious Numeric | 386 | 757 | 512 | 162 | 200 | 193 | 115 | 432 | 2757 |
| 2c. False Citation | 13 | 23 | 6 | 37 | 6 | 20 | 2 | 9 | 116 |
| 3a. Unsupported Leap | 1462 | 1419 | 2241 | 1775 | 1258 | 1142 | 462 | 1139 | 10898 |
| 3b. Self Contradiction | 332 | 201 | 331 | 193 | 61 | 134 | 28 | 33 | 1313 |
| 3c. Circular Reasoning | 10 | 4 | 8 | 1 | 3 | 2 | 0 | 16 | 44 |
| 4a. Syntax Error | 43 | 13 | 203 | 81 | 208 | 66 | 0 | 14 | 628 |
| 4b. Model Semantics Breach | 159 | 67 | 811 | 172 | 100 | 174 | 130 | 8 | 1621 |
| 4c. Visual Description Mismatch | 111 | 28 | 39 | 72 | 22 | 20 | 275 | 18 | 585 |
| **Total** | **4109** | **3475** | **4872** | **3789** | **2437** | **2649** | **1455** | **2846** | **25632** |
