# PM-LLM Benchmark Hallucination Analysis

Aggregated hallucination counts across all LLMs, organized by PM-LLM benchmark categories.

| Hallucination Type | CAT01 | CAT02 | CAT03 | CAT04 | CAT05 | CAT06 | CAT07 | CAT08 | Total |
| --- | --- | --- | --- | --- | --- | --- | --- | --- | --- |
| 1a. Instruction Override | 343 | 93 | 192 | 163 | 127 | 133 | 4 | 49 | 1104 |
| 1b. Context Omission | 1022 | 785 | 345 | 859 | 419 | 645 | 351 | 914 | 5340 |
| 1c. Prompt Contradiction | 194 | 92 | 117 | 106 | 24 | 41 | 14 | 10 | 598 |
| 2a. Concept Fabrication | 113 | 55 | 146 | 247 | 59 | 118 | 74 | 236 | 1048 |
| 2b. Spurious Numeric | 411 | 779 | 551 | 178 | 218 | 212 | 122 | 469 | 2940 |
| 2c. False Citation | 14 | 24 | 6 | 37 | 6 | 21 | 2 | 10 | 120 |
| 3a. Unsupported Leap | 1549 | 1499 | 2346 | 1868 | 1340 | 1218 | 467 | 1203 | 11490 |
| 3b. Self Contradiction | 345 | 217 | 353 | 207 | 64 | 138 | 28 | 36 | 1388 |
| 3c. Circular Reasoning | 9 | 5 | 8 | 1 | 4 | 3 | 0 | 16 | 46 |
| 4a. Syntax Error | 45 | 16 | 212 | 83 | 217 | 72 | 0 | 19 | 664 |
| 4b. Model Semantics Breach | 167 | 73 | 850 | 179 | 109 | 176 | 130 | 8 | 1692 |
| 4c. Visual Description Mismatch | 118 | 31 | 41 | 76 | 23 | 22 | 281 | 18 | 610 |
| **Total** | **4330** | **3669** | **5167** | **4004** | **2610** | **2799** | **1473** | **2988** | **27040** |
