# PM-LLM Benchmark Hallucination Analysis

Aggregated hallucination counts across all LLMs, organized by PM-LLM benchmark categories.

| Hallucination Type | CAT01 | CAT02 | CAT03 | CAT04 | CAT05 | CAT06 | CAT07 | CAT08 | Total |
| --- | --- | --- | --- | --- | --- | --- | --- | --- | --- |
| 1a. Instruction Override | 492 | 133 | 300 | 245 | 237 | 187 | 0 | 89 | 1683 |
| 1b. Context Omission | 1263 | 988 | 560 | 1079 | 596 | 810 | 328 | 989 | 6613 |
| 1c. Prompt Contradiction | 246 | 127 | 218 | 185 | 49 | 80 | 10 | 20 | 935 |
| 2a. Concept Fabrication | 215 | 137 | 277 | 381 | 161 | 227 | 45 | 354 | 1797 |
| 2b. Spurious Numeric | 640 | 981 | 724 | 285 | 372 | 334 | 129 | 846 | 4311 |
| 2c. False Citation | 15 | 23 | 8 | 37 | 7 | 31 | 0 | 14 | 135 |
| 3a. Unsupported Leap | 1961 | 1847 | 2683 | 2260 | 1592 | 1592 | 445 | 1508 | 13888 |
| 3b. Self Contradiction | 427 | 348 | 521 | 295 | 107 | 228 | 28 | 72 | 2026 |
| 3c. Circular Reasoning | 16 | 14 | 7 | 2 | 7 | 7 | 0 | 18 | 71 |
| 4a. Syntax Error | 87 | 44 | 384 | 121 | 300 | 148 | 0 | 59 | 1143 |
| 4b. Model Semantics Breach | 198 | 131 | 1059 | 260 | 174 | 232 | 112 | 18 | 2184 |
| 4c. Visual Description Mismatch | 176 | 53 | 83 | 134 | 31 | 32 | 260 | 41 | 810 |
| **Total** | **5736** | **4826** | **6824** | **5284** | **3633** | **3908** | **1357** | **4028** | **35596** |
