# PM-LLM Benchmark Hallucination Analysis

Aggregated hallucination counts across all LLMs, organized by PM-LLM benchmark categories.

| Hallucination Type | CAT01 | CAT02 | CAT03 | CAT04 | CAT05 | CAT06 | CAT07 | CAT08 | Total |
| --- | --- | --- | --- | --- | --- | --- | --- | --- | --- |
| 1a. Instruction Override | 370 | 153 | 404 | 199 | 271 | 137 | 6 | 60 | 1600 |
| 1b. Context Omission | 1092 | 1060 | 690 | 886 | 1186 | 1008 | 397 | 1604 | 7923 |
| 1c. Prompt Contradiction | 187 | 90 | 166 | 94 | 48 | 57 | 23 | 33 | 698 |
| 2a. Concept Fabrication | 462 | 234 | 291 | 743 | 229 | 294 | 265 | 569 | 3087 |
| 2b. Spurious Numeric | 452 | 566 | 492 | 321 | 318 | 273 | 134 | 1360 | 3916 |
| 2c. False Citation | 7 | 15 | 4 | 15 | 1 | 57 | 3 | 20 | 122 |
| 3a. Unsupported Leap | 1887 | 2081 | 1597 | 1707 | 1592 | 2058 | 795 | 1782 | 13499 |
| 3b. Self Contradiction | 333 | 171 | 334 | 185 | 68 | 154 | 18 | 73 | 1336 |
| 3c. Circular Reasoning | 2 | 2 | 1 | 2 | 0 | 0 | 0 | 5 | 12 |
| 4a. Syntax Error | 144 | 46 | 235 | 98 | 255 | 101 | 11 | 156 | 1046 |
| 4b. Model Semantics Breach | 259 | 134 | 851 | 471 | 269 | 276 | 115 | 52 | 2427 |
| 4c. Visual Description Mismatch | 157 | 49 | 78 | 96 | 46 | 14 | 518 | 27 | 985 |
| **Total** | **5352** | **4601** | **5143** | **4817** | **4283** | **4429** | **2285** | **5741** | **36651** |
