# PM-LLM Benchmark Hallucination Analysis

Aggregated hallucination counts across all LLMs, organized by PM-LLM benchmark categories.

| Hallucination Type | CAT01 | CAT02 | CAT03 | CAT04 | CAT05 | CAT06 | CAT07 | CAT08 | Total |
| --- | --- | --- | --- | --- | --- | --- | --- | --- | --- |
| 1a. Instruction Override | 400 | 112 | 249 | 196 | 184 | 156 | 0 | 63 | 1360 |
| 1b. Context Omission | 1119 | 848 | 466 | 888 | 494 | 697 | 327 | 860 | 5699 |
| 1c. Prompt Contradiction | 209 | 110 | 173 | 138 | 42 | 61 | 10 | 14 | 757 |
| 2a. Concept Fabrication | 174 | 117 | 234 | 317 | 132 | 188 | 44 | 288 | 1494 |
| 2b. Spurious Numeric | 513 | 858 | 604 | 230 | 285 | 274 | 119 | 635 | 3518 |
| 2c. False Citation | 15 | 21 | 6 | 35 | 5 | 26 | 0 | 13 | 121 |
| 3a. Unsupported Leap | 1697 | 1662 | 2373 | 1967 | 1392 | 1353 | 434 | 1298 | 12176 |
| 3b. Self Contradiction | 377 | 294 | 432 | 244 | 85 | 187 | 27 | 52 | 1698 |
| 3c. Circular Reasoning | 13 | 12 | 7 | 2 | 7 | 6 | 0 | 17 | 64 |
| 4a. Syntax Error | 71 | 33 | 329 | 99 | 250 | 121 | 0 | 38 | 941 |
| 4b. Model Semantics Breach | 165 | 112 | 924 | 207 | 147 | 199 | 112 | 13 | 1879 |
| 4c. Visual Description Mismatch | 145 | 41 | 66 | 111 | 26 | 28 | 249 | 31 | 697 |
| **Total** | **4898** | **4220** | **5863** | **4434** | **3049** | **3296** | **1322** | **3322** | **30404** |
