# PM-LLM Benchmark Hallucination Analysis

Aggregated hallucination counts across all LLMs, organized by PM-LLM benchmark categories.

| Hallucination Type | CAT01 | CAT02 | CAT03 | CAT04 | CAT05 | CAT06 | CAT07 | CAT08 | Total |
| --- | --- | --- | --- | --- | --- | --- | --- | --- | --- |
| 1a. Instruction Override | 320 | 118 | 351 | 157 | 209 | 126 | 3 | 46 | 1330 |
| 1b. Context Omission | 975 | 886 | 585 | 754 | 1000 | 845 | 283 | 1418 | 6746 |
| 1c. Prompt Contradiction | 159 | 84 | 152 | 87 | 34 | 62 | 15 | 35 | 628 |
| 2a. Concept Fabrication | 378 | 219 | 263 | 606 | 173 | 271 | 206 | 498 | 2614 |
| 2b. Spurious Numeric | 390 | 510 | 419 | 285 | 246 | 235 | 109 | 1063 | 3257 |
| 2c. False Citation | 3 | 12 | 4 | 24 | 5 | 47 | 3 | 21 | 119 |
| 3a. Unsupported Leap | 1495 | 1655 | 1319 | 1431 | 1266 | 1624 | 590 | 1438 | 10818 |
| 3b. Self Contradiction | 292 | 162 | 296 | 172 | 60 | 136 | 10 | 71 | 1199 |
| 3c. Circular Reasoning | 2 | 2 | 3 | 2 | 1 | 0 | 0 | 4 | 14 |
| 4a. Syntax Error | 99 | 34 | 215 | 94 | 235 | 92 | 8 | 104 | 881 |
| 4b. Model Semantics Breach | 220 | 106 | 752 | 396 | 227 | 234 | 74 | 40 | 2049 |
| 4c. Visual Description Mismatch | 125 | 35 | 62 | 88 | 45 | 16 | 364 | 25 | 760 |
| **Total** | **4458** | **3823** | **4421** | **4096** | **3501** | **3688** | **1665** | **4763** | **30415** |
