# PM-LLM Benchmark Hallucination Analysis

Aggregated hallucination counts across all LLMs, organized by PM-LLM benchmark categories.

| Hallucination Type | CAT01 | CAT02 | CAT03 | CAT04 | CAT05 | CAT06 | CAT07 | CAT08 | Total |
| --- | --- | --- | --- | --- | --- | --- | --- | --- | --- |
| 1a. Instruction Override | 397 | 109 | 249 | 193 | 182 | 155 | 0 | 59 | 1344 |
| 1b. Context Omission | 1114 | 843 | 461 | 882 | 487 | 691 | 327 | 853 | 5658 |
| 1c. Prompt Contradiction | 209 | 110 | 170 | 137 | 41 | 61 | 10 | 14 | 752 |
| 2a. Concept Fabrication | 174 | 117 | 233 | 316 | 132 | 187 | 44 | 288 | 1491 |
| 2b. Spurious Numeric | 499 | 854 | 602 | 230 | 284 | 272 | 118 | 629 | 3488 |
| 2c. False Citation | 15 | 21 | 6 | 35 | 5 | 26 | 0 | 13 | 121 |
| 3a. Unsupported Leap | 1686 | 1652 | 2368 | 1953 | 1387 | 1341 | 432 | 1284 | 12103 |
| 3b. Self Contradiction | 374 | 291 | 428 | 243 | 84 | 186 | 27 | 51 | 1684 |
| 3c. Circular Reasoning | 13 | 12 | 7 | 2 | 7 | 6 | 0 | 17 | 64 |
| 4a. Syntax Error | 69 | 33 | 328 | 99 | 250 | 120 | 0 | 36 | 935 |
| 4b. Model Semantics Breach | 163 | 112 | 920 | 205 | 146 | 198 | 112 | 12 | 1868 |
| 4c. Visual Description Mismatch | 145 | 41 | 66 | 109 | 26 | 28 | 249 | 30 | 694 |
| **Total** | **4858** | **4195** | **5838** | **4404** | **3031** | **3271** | **1319** | **3286** | **30202** |
