# PM-LLM Benchmark Hallucination Analysis

Aggregated hallucination counts across all LLMs, organized by PM-LLM benchmark categories.

| Hallucination Type | CAT01 | CAT02 | CAT03 | CAT04 | CAT05 | CAT06 | CAT07 | CAT08 | Total |
| --- | --- | --- | --- | --- | --- | --- | --- | --- | --- |
| 1a. Instruction Override | 372 | 101 | 218 | 173 | 141 | 148 | 4 | 55 | 1212 |
| 1b. Context Omission | 1105 | 849 | 394 | 918 | 474 | 684 | 351 | 960 | 5735 |
| 1c. Prompt Contradiction | 206 | 103 | 140 | 118 | 29 | 44 | 14 | 13 | 667 |
| 2a. Concept Fabrication | 143 | 80 | 180 | 260 | 77 | 138 | 74 | 265 | 1217 |
| 2b. Spurious Numeric | 462 | 824 | 588 | 191 | 245 | 229 | 123 | 514 | 3176 |
| 2c. False Citation | 14 | 24 | 6 | 37 | 6 | 22 | 2 | 11 | 122 |
| 3a. Unsupported Leap | 1687 | 1611 | 2487 | 1989 | 1452 | 1311 | 467 | 1299 | 12303 |
| 3b. Self Contradiction | 373 | 243 | 386 | 226 | 73 | 158 | 28 | 44 | 1531 |
| 3c. Circular Reasoning | 11 | 6 | 9 | 2 | 6 | 4 | 0 | 16 | 54 |
| 4a. Syntax Error | 50 | 19 | 265 | 89 | 239 | 93 | 0 | 20 | 775 |
| 4b. Model Semantics Breach | 176 | 83 | 920 | 186 | 119 | 196 | 130 | 8 | 1818 |
| 4c. Visual Description Mismatch | 130 | 32 | 46 | 84 | 24 | 26 | 281 | 20 | 643 |
| **Total** | **4729** | **3975** | **5639** | **4273** | **2885** | **3053** | **1474** | **3225** | **29253** |
