# PM-LLM Benchmark Hallucination Analysis

Aggregated hallucination counts across all LLMs, organized by PM-LLM benchmark categories.

| Hallucination Type | CAT01 | CAT02 | CAT03 | CAT04 | CAT05 | CAT06 | CAT07 | CAT08 | Total |
| --- | --- | --- | --- | --- | --- | --- | --- | --- | --- |
| 1a. Instruction Override | 375 | 154 | 408 | 202 | 276 | 138 | 6 | 61 | 1620 |
| 1b. Context Omission | 1104 | 1067 | 692 | 892 | 1194 | 1015 | 397 | 1618 | 7979 |
| 1c. Prompt Contradiction | 190 | 90 | 166 | 95 | 48 | 58 | 23 | 33 | 703 |
| 2a. Concept Fabrication | 473 | 241 | 299 | 755 | 234 | 306 | 265 | 580 | 3153 |
| 2b. Spurious Numeric | 458 | 569 | 499 | 326 | 320 | 279 | 134 | 1371 | 3956 |
| 2c. False Citation | 7 | 15 | 4 | 15 | 1 | 58 | 3 | 20 | 123 |
| 3a. Unsupported Leap | 1914 | 2111 | 1611 | 1727 | 1606 | 2087 | 795 | 1801 | 13652 |
| 3b. Self Contradiction | 336 | 172 | 340 | 187 | 69 | 156 | 18 | 73 | 1351 |
| 3c. Circular Reasoning | 2 | 2 | 1 | 2 | 0 | 0 | 0 | 5 | 12 |
| 4a. Syntax Error | 145 | 47 | 236 | 98 | 258 | 103 | 11 | 156 | 1054 |
| 4b. Model Semantics Breach | 261 | 135 | 861 | 474 | 271 | 278 | 115 | 53 | 2448 |
| 4c. Visual Description Mismatch | 157 | 49 | 78 | 98 | 46 | 15 | 518 | 28 | 989 |
| **Total** | **5422** | **4652** | **5195** | **4871** | **4323** | **4493** | **2285** | **5799** | **37040** |
