# PM-LLM Benchmark Hallucination Analysis

Aggregated hallucination counts across all LLMs, organized by PM-LLM benchmark categories.

| Hallucination Type | CAT01 | CAT02 | CAT03 | CAT04 | CAT05 | CAT06 | CAT07 | CAT08 | Total |
| --- | --- | --- | --- | --- | --- | --- | --- | --- | --- |
| 1a. Instruction Override | 494 | 133 | 300 | 245 | 237 | 187 | 0 | 89 | 1685 |
| 1b. Context Omission | 1263 | 989 | 560 | 1083 | 597 | 810 | 328 | 990 | 6620 |
| 1c. Prompt Contradiction | 246 | 127 | 218 | 185 | 49 | 80 | 10 | 20 | 935 |
| 2a. Concept Fabrication | 219 | 137 | 277 | 381 | 161 | 228 | 45 | 355 | 1803 |
| 2b. Spurious Numeric | 645 | 983 | 726 | 286 | 376 | 335 | 129 | 851 | 4331 |
| 2c. False Citation | 15 | 23 | 8 | 37 | 7 | 31 | 0 | 14 | 135 |
| 3a. Unsupported Leap | 1963 | 1850 | 2692 | 2266 | 1596 | 1593 | 445 | 1512 | 13917 |
| 3b. Self Contradiction | 428 | 349 | 521 | 297 | 107 | 228 | 28 | 72 | 2030 |
| 3c. Circular Reasoning | 16 | 14 | 7 | 2 | 7 | 7 | 0 | 18 | 71 |
| 4a. Syntax Error | 87 | 44 | 384 | 122 | 300 | 148 | 0 | 59 | 1144 |
| 4b. Model Semantics Breach | 198 | 131 | 1059 | 261 | 174 | 232 | 112 | 18 | 2185 |
| 4c. Visual Description Mismatch | 177 | 53 | 83 | 134 | 31 | 32 | 261 | 41 | 812 |
| **Total** | **5751** | **4833** | **6835** | **5299** | **3642** | **3911** | **1358** | **4039** | **35668** |
