# PM-LLM Benchmark Hallucination Analysis

Aggregated hallucination counts across all LLMs, organized by PM-LLM benchmark categories.

| Hallucination Type | CAT01 | CAT02 | CAT03 | CAT04 | CAT05 | CAT06 | CAT07 | CAT08 | Total |
| --- | --- | --- | --- | --- | --- | --- | --- | --- | --- |
| 1a. Instruction Override | 375 | 98 | 238 | 188 | 157 | 148 | 0 | 55 | 1259 |
| 1b. Context Omission | 1090 | 830 | 442 | 873 | 477 | 676 | 321 | 847 | 5556 |
| 1c. Prompt Contradiction | 202 | 105 | 166 | 136 | 36 | 54 | 10 | 11 | 720 |
| 2a. Concept Fabrication | 164 | 112 | 222 | 318 | 120 | 175 | 44 | 271 | 1426 |
| 2b. Spurious Numeric | 474 | 808 | 579 | 212 | 272 | 260 | 117 | 598 | 3320 |
| 2c. False Citation | 14 | 21 | 6 | 34 | 5 | 25 | 0 | 13 | 118 |
| 3a. Unsupported Leap | 1656 | 1601 | 2327 | 1911 | 1370 | 1307 | 426 | 1265 | 11863 |
| 3b. Self Contradiction | 363 | 272 | 411 | 239 | 80 | 177 | 27 | 48 | 1617 |
| 3c. Circular Reasoning | 13 | 12 | 7 | 1 | 6 | 6 | 0 | 16 | 61 |
| 4a. Syntax Error | 60 | 27 | 312 | 94 | 240 | 111 | 0 | 31 | 875 |
| 4b. Model Semantics Breach | 160 | 104 | 883 | 199 | 143 | 193 | 112 | 10 | 1804 |
| 4c. Visual Description Mismatch | 140 | 40 | 53 | 104 | 27 | 26 | 243 | 26 | 659 |
| **Total** | **4711** | **4030** | **5646** | **4309** | **2933** | **3158** | **1300** | **3191** | **29278** |
