# PM-LLM Benchmark Hallucination Analysis

Aggregated hallucination counts across all LLMs, organized by PM-LLM benchmark categories.

| Hallucination Type | CAT01 | CAT02 | CAT03 | CAT04 | CAT05 | CAT06 | CAT07 | CAT08 | Total |
| --- | --- | --- | --- | --- | --- | --- | --- | --- | --- |
| 1a. Instruction Override | 322 | 89 | 179 | 157 | 120 | 129 | 4 | 47 | 1047 |
| 1b. Context Omission | 981 | 740 | 308 | 817 | 384 | 614 | 351 | 883 | 5078 |
| 1c. Prompt Contradiction | 187 | 87 | 107 | 101 | 24 | 41 | 14 | 10 | 571 |
| 2a. Concept Fabrication | 108 | 51 | 133 | 236 | 52 | 116 | 74 | 231 | 1001 |
| 2b. Spurious Numeric | 388 | 760 | 520 | 165 | 202 | 200 | 115 | 440 | 2790 |
| 2c. False Citation | 14 | 24 | 6 | 37 | 6 | 20 | 2 | 10 | 119 |
| 3a. Unsupported Leap | 1466 | 1433 | 2252 | 1787 | 1266 | 1154 | 462 | 1147 | 10967 |
| 3b. Self Contradiction | 332 | 201 | 333 | 195 | 62 | 134 | 28 | 33 | 1318 |
| 3c. Circular Reasoning | 9 | 4 | 8 | 1 | 4 | 2 | 0 | 16 | 44 |
| 4a. Syntax Error | 43 | 15 | 203 | 81 | 213 | 67 | 0 | 15 | 637 |
| 4b. Model Semantics Breach | 161 | 68 | 818 | 170 | 104 | 172 | 130 | 8 | 1631 |
| 4c. Visual Description Mismatch | 112 | 28 | 39 | 72 | 22 | 20 | 275 | 18 | 586 |
| **Total** | **4123** | **3500** | **4906** | **3819** | **2459** | **2669** | **1455** | **2858** | **25789** |
