# PM-LLM Benchmark Hallucination Analysis

Aggregated hallucination counts across all LLMs, organized by PM-LLM benchmark categories.

| Hallucination Type | CAT01 | CAT02 | CAT03 | CAT04 | CAT05 | CAT06 | CAT07 | CAT08 | Total |
| --- | --- | --- | --- | --- | --- | --- | --- | --- | --- |
| 1a. Instruction Override | 338 | 138 | 364 | 182 | 241 | 127 | 6 | 55 | 1451 |
| 1b. Context Omission | 1014 | 988 | 641 | 827 | 1102 | 944 | 377 | 1500 | 7393 |
| 1c. Prompt Contradiction | 169 | 79 | 155 | 85 | 40 | 53 | 22 | 32 | 635 |
| 2a. Concept Fabrication | 423 | 208 | 257 | 677 | 190 | 273 | 228 | 508 | 2764 |
| 2b. Spurious Numeric | 409 | 513 | 460 | 301 | 284 | 249 | 126 | 1242 | 3584 |
| 2c. False Citation | 6 | 12 | 4 | 15 | 1 | 51 | 3 | 19 | 111 |
| 3a. Unsupported Leap | 1711 | 1891 | 1468 | 1563 | 1446 | 1867 | 727 | 1634 | 12307 |
| 3b. Self Contradiction | 305 | 155 | 309 | 171 | 62 | 138 | 16 | 68 | 1224 |
| 3c. Circular Reasoning | 2 | 2 | 1 | 2 | 0 | 0 | 0 | 5 | 12 |
| 4a. Syntax Error | 121 | 43 | 211 | 88 | 217 | 93 | 11 | 142 | 926 |
| 4b. Model Semantics Breach | 242 | 120 | 778 | 457 | 249 | 248 | 102 | 45 | 2241 |
| 4c. Visual Description Mismatch | 146 | 41 | 70 | 88 | 40 | 14 | 461 | 25 | 885 |
| **Total** | **4886** | **4190** | **4718** | **4456** | **3872** | **4057** | **2079** | **5275** | **33533** |
