# PM-LLM Benchmark Hallucination Analysis

Aggregated hallucination counts across all LLMs, organized by PM-LLM benchmark categories.

| Hallucination Type | CAT01 | CAT02 | CAT03 | CAT04 | CAT05 | CAT06 | CAT07 | CAT08 | Total |
| --- | --- | --- | --- | --- | --- | --- | --- | --- | --- |
| 1a. Instruction Override | 411 | 116 | 255 | 201 | 192 | 160 | 0 | 64 | 1399 |
| 1b. Context Omission | 1138 | 862 | 481 | 914 | 512 | 715 | 327 | 877 | 5826 |
| 1c. Prompt Contradiction | 213 | 113 | 177 | 142 | 43 | 63 | 10 | 14 | 775 |
| 2a. Concept Fabrication | 180 | 119 | 239 | 324 | 137 | 194 | 44 | 295 | 1532 |
| 2b. Spurious Numeric | 522 | 874 | 624 | 236 | 294 | 284 | 120 | 669 | 3623 |
| 2c. False Citation | 15 | 21 | 6 | 35 | 6 | 26 | 0 | 13 | 122 |
| 3a. Unsupported Leap | 1731 | 1690 | 2406 | 2000 | 1419 | 1394 | 435 | 1325 | 12400 |
| 3b. Self Contradiction | 383 | 302 | 440 | 251 | 87 | 194 | 27 | 55 | 1739 |
| 3c. Circular Reasoning | 13 | 12 | 7 | 2 | 7 | 7 | 0 | 17 | 65 |
| 4a. Syntax Error | 72 | 33 | 335 | 100 | 254 | 124 | 0 | 40 | 958 |
| 4b. Model Semantics Breach | 170 | 118 | 934 | 219 | 149 | 205 | 112 | 14 | 1921 |
| 4c. Visual Description Mismatch | 152 | 45 | 68 | 113 | 26 | 29 | 249 | 33 | 715 |
| **Total** | **5000** | **4305** | **5972** | **4537** | **3126** | **3395** | **1324** | **3416** | **31075** |
