# PM-LLM Benchmark Hallucination Analysis

Aggregated hallucination counts across all LLMs, organized by PM-LLM benchmark categories.

| Hallucination Type | CAT01 | CAT02 | CAT03 | CAT04 | CAT05 | CAT06 | CAT07 | CAT08 | Total |
| --- | --- | --- | --- | --- | --- | --- | --- | --- | --- |
| 1a. Instruction Override | 354 | 93 | 225 | 176 | 144 | 140 | 0 | 50 | 1182 |
| 1b. Context Omission | 1060 | 800 | 420 | 844 | 443 | 657 | 319 | 828 | 5371 |
| 1c. Prompt Contradiction | 192 | 101 | 157 | 124 | 33 | 51 | 10 | 9 | 677 |
| 2a. Concept Fabrication | 161 | 106 | 198 | 297 | 114 | 160 | 44 | 249 | 1329 |
| 2b. Spurious Numeric | 445 | 778 | 558 | 203 | 261 | 244 | 117 | 547 | 3153 |
| 2c. False Citation | 14 | 21 | 6 | 29 | 5 | 23 | 0 | 12 | 110 |
| 3a. Unsupported Leap | 1605 | 1542 | 2267 | 1834 | 1322 | 1259 | 426 | 1214 | 11469 |
| 3b. Self Contradiction | 348 | 258 | 394 | 226 | 74 | 171 | 27 | 46 | 1544 |
| 3c. Circular Reasoning | 12 | 11 | 7 | 1 | 6 | 6 | 0 | 14 | 57 |
| 4a. Syntax Error | 56 | 22 | 287 | 88 | 219 | 104 | 0 | 25 | 801 |
| 4b. Model Semantics Breach | 154 | 98 | 844 | 186 | 130 | 184 | 112 | 7 | 1715 |
| 4c. Visual Description Mismatch | 128 | 37 | 47 | 95 | 24 | 21 | 243 | 23 | 618 |
| **Total** | **4529** | **3867** | **5410** | **4103** | **2775** | **3020** | **1298** | **3024** | **28026** |
