# PM-LLM Benchmark Hallucination Analysis

Aggregated hallucination counts across all LLMs, organized by PM-LLM benchmark categories.

| Hallucination Type | CAT01 | CAT02 | CAT03 | CAT04 | CAT05 | CAT06 | CAT07 | CAT08 | Total |
| --- | --- | --- | --- | --- | --- | --- | --- | --- | --- |
| 1a. Instruction Override | 304 | 86 | 156 | 147 | 113 | 121 | 1 | 43 | 971 |
| 1b. Context Omission | 957 | 724 | 286 | 790 | 377 | 592 | 351 | 849 | 4926 |
| 1c. Prompt Contradiction | 179 | 84 | 95 | 91 | 22 | 38 | 13 | 8 | 530 |
| 2a. Concept Fabrication | 95 | 45 | 105 | 205 | 47 | 113 | 55 | 220 | 885 |
| 2b. Spurious Numeric | 361 | 716 | 501 | 153 | 191 | 177 | 108 | 403 | 2610 |
| 2c. False Citation | 12 | 21 | 6 | 37 | 6 | 15 | 0 | 9 | 106 |
| 3a. Unsupported Leap | 1406 | 1384 | 2155 | 1711 | 1227 | 1098 | 449 | 1120 | 10550 |
| 3b. Self Contradiction | 317 | 186 | 309 | 183 | 56 | 128 | 26 | 30 | 1235 |
| 3c. Circular Reasoning | 6 | 4 | 5 | 0 | 3 | 1 | 0 | 14 | 33 |
| 4a. Syntax Error | 39 | 12 | 186 | 77 | 200 | 63 | 0 | 14 | 591 |
| 4b. Model Semantics Breach | 151 | 61 | 791 | 156 | 95 | 165 | 123 | 7 | 1549 |
| 4c. Visual Description Mismatch | 105 | 26 | 39 | 68 | 21 | 20 | 249 | 20 | 548 |
| **Total** | **3932** | **3349** | **4634** | **3618** | **2358** | **2531** | **1375** | **2737** | **24534** |
