# PM-LLM Benchmark Hallucination Analysis

Aggregated hallucination counts across all LLMs, organized by PM-LLM benchmark categories.

| Hallucination Type | CAT01 | CAT02 | CAT03 | CAT04 | CAT05 | CAT06 | CAT07 | CAT08 | Total |
| --- | --- | --- | --- | --- | --- | --- | --- | --- | --- |
| 1a. Instruction Override | 367 | 97 | 234 | 184 | 153 | 147 | 0 | 55 | 1237 |
| 1b. Context Omission | 1078 | 823 | 434 | 862 | 460 | 672 | 321 | 841 | 5491 |
| 1c. Prompt Contradiction | 199 | 104 | 163 | 130 | 34 | 54 | 10 | 9 | 703 |
| 2a. Concept Fabrication | 161 | 110 | 212 | 303 | 116 | 171 | 44 | 260 | 1377 |
| 2b. Spurious Numeric | 459 | 795 | 575 | 209 | 265 | 251 | 117 | 577 | 3248 |
| 2c. False Citation | 14 | 21 | 6 | 29 | 5 | 25 | 0 | 13 | 113 |
| 3a. Unsupported Leap | 1637 | 1581 | 2307 | 1874 | 1348 | 1291 | 426 | 1256 | 11720 |
| 3b. Self Contradiction | 357 | 267 | 407 | 233 | 77 | 176 | 27 | 47 | 1591 |
| 3c. Circular Reasoning | 13 | 12 | 7 | 1 | 6 | 6 | 0 | 16 | 61 |
| 4a. Syntax Error | 59 | 27 | 301 | 91 | 231 | 109 | 0 | 29 | 847 |
| 4b. Model Semantics Breach | 155 | 102 | 865 | 195 | 136 | 191 | 112 | 9 | 1765 |
| 4c. Visual Description Mismatch | 137 | 39 | 52 | 102 | 25 | 24 | 243 | 26 | 648 |
| **Total** | **4636** | **3978** | **5563** | **4213** | **2856** | **3117** | **1300** | **3138** | **28801** |
