# PM-LLM Benchmark Hallucination Analysis

Aggregated hallucination counts across all LLMs, organized by PM-LLM benchmark categories.

| Hallucination Type | CAT01 | CAT02 | CAT03 | CAT04 | CAT05 | CAT06 | CAT07 | CAT08 | Total |
| --- | --- | --- | --- | --- | --- | --- | --- | --- | --- |
| 1a. Instruction Override | 343 | 123 | 372 | 166 | 225 | 130 | 5 | 51 | 1415 |
| 1b. Context Omission | 1020 | 936 | 614 | 787 | 1048 | 887 | 294 | 1492 | 7078 |
| 1c. Prompt Contradiction | 169 | 88 | 163 | 91 | 37 | 64 | 17 | 36 | 665 |
| 2a. Concept Fabrication | 405 | 231 | 277 | 653 | 190 | 283 | 213 | 522 | 2774 |
| 2b. Spurious Numeric | 418 | 533 | 440 | 297 | 257 | 243 | 118 | 1125 | 3431 |
| 2c. False Citation | 4 | 12 | 4 | 25 | 5 | 49 | 3 | 21 | 123 |
| 3a. Unsupported Leap | 1580 | 1769 | 1397 | 1515 | 1345 | 1729 | 632 | 1528 | 11495 |
| 3b. Self Contradiction | 304 | 169 | 316 | 184 | 65 | 148 | 15 | 74 | 1275 |
| 3c. Circular Reasoning | 2 | 2 | 3 | 2 | 1 | 0 | 0 | 4 | 14 |
| 4a. Syntax Error | 110 | 35 | 227 | 99 | 239 | 96 | 9 | 116 | 931 |
| 4b. Model Semantics Breach | 231 | 112 | 791 | 426 | 237 | 249 | 86 | 42 | 2174 |
| 4c. Visual Description Mismatch | 132 | 36 | 65 | 94 | 48 | 16 | 403 | 26 | 820 |
| **Total** | **4718** | **4046** | **4669** | **4339** | **3697** | **3894** | **1795** | **5037** | **32195** |
