# PM-LLM Benchmark Hallucination Analysis

Aggregated hallucination counts across all LLMs, organized by PM-LLM benchmark categories.

| Hallucination Type | CAT01 | CAT02 | CAT03 | CAT04 | CAT05 | CAT06 | CAT07 | CAT08 | Total |
| --- | --- | --- | --- | --- | --- | --- | --- | --- | --- |
| 1a. Instruction Override | 474 | 130 | 291 | 239 | 232 | 181 | 0 | 84 | 1631 |
| 1b. Context Omission | 1241 | 974 | 544 | 1051 | 583 | 790 | 328 | 975 | 6486 |
| 1c. Prompt Contradiction | 240 | 127 | 209 | 175 | 48 | 79 | 10 | 20 | 908 |
| 2a. Concept Fabrication | 211 | 137 | 273 | 380 | 161 | 224 | 44 | 346 | 1776 |
| 2b. Spurious Numeric | 617 | 967 | 711 | 281 | 360 | 328 | 128 | 806 | 4198 |
| 2c. False Citation | 15 | 22 | 8 | 37 | 7 | 30 | 0 | 14 | 133 |
| 3a. Unsupported Leap | 1908 | 1824 | 2622 | 2231 | 1562 | 1555 | 441 | 1473 | 13616 |
| 3b. Self Contradiction | 418 | 341 | 509 | 290 | 105 | 223 | 28 | 71 | 1985 |
| 3c. Circular Reasoning | 16 | 14 | 7 | 2 | 7 | 7 | 0 | 18 | 71 |
| 4a. Syntax Error | 85 | 42 | 376 | 119 | 285 | 145 | 0 | 58 | 1110 |
| 4b. Model Semantics Breach | 193 | 130 | 1029 | 256 | 167 | 227 | 112 | 18 | 2132 |
| 4c. Visual Description Mismatch | 175 | 53 | 83 | 133 | 31 | 32 | 257 | 39 | 803 |
| **Total** | **5593** | **4761** | **6662** | **5194** | **3548** | **3821** | **1348** | **3922** | **34849** |
