# PM-LLM Benchmark Hallucination Analysis

Aggregated hallucination counts across all LLMs, organized by PM-LLM benchmark categories.

| Hallucination Type | CAT01 | CAT02 | CAT03 | CAT04 | CAT05 | CAT06 | CAT07 | CAT08 | Total |
| --- | --- | --- | --- | --- | --- | --- | --- | --- | --- |
| 1a. Instruction Override | 292 | 102 | 315 | 145 | 181 | 120 | 3 | 42 | 1200 |
| 1b. Context Omission | 878 | 815 | 528 | 696 | 931 | 768 | 255 | 1310 | 6181 |
| 1c. Prompt Contradiction | 141 | 78 | 137 | 77 | 28 | 57 | 13 | 29 | 560 |
| 2a. Concept Fabrication | 347 | 198 | 241 | 550 | 154 | 248 | 200 | 454 | 2392 |
| 2b. Spurious Numeric | 361 | 476 | 392 | 269 | 226 | 217 | 106 | 1000 | 3047 |
| 2c. False Citation | 3 | 11 | 4 | 23 | 5 | 43 | 3 | 18 | 110 |
| 3a. Unsupported Leap | 1361 | 1509 | 1209 | 1292 | 1172 | 1473 | 536 | 1311 | 9863 |
| 3b. Self Contradiction | 266 | 149 | 287 | 157 | 59 | 125 | 10 | 65 | 1118 |
| 3c. Circular Reasoning | 1 | 2 | 3 | 2 | 1 | 0 | 0 | 3 | 12 |
| 4a. Syntax Error | 83 | 29 | 201 | 84 | 208 | 82 | 7 | 93 | 787 |
| 4b. Model Semantics Breach | 197 | 98 | 702 | 356 | 209 | 217 | 75 | 39 | 1893 |
| 4c. Visual Description Mismatch | 117 | 33 | 59 | 81 | 42 | 15 | 327 | 21 | 695 |
| **Total** | **4047** | **3500** | **4078** | **3732** | **3216** | **3365** | **1535** | **4385** | **27858** |
